1336147968 1 1 -5 1 4293.04
1336410112 1 1 -5 2 4313.68
1337196544 1 1 -4 1 4337.25
1337458688 1 1 -4 2 4357.9
1338245120 1 1 -3 1 4381.47
1338507264 1 1 -3 2 4402.11
1339293696 1 1 -2 1 4425.68
1339555840 1 1 -2 2 4446.33
1208221696 1 1 0 1 4514.11
1208483840 1 1 0 2 4534.76
1209270272 1 1 1 1 4558.33
1209532416 1 1 1 2 4578.97
1210318848 1 1 2 1 4602.54
1210580992 1 1 2 2 4623.19
1211367424 1 1 3 1 4646.76
1211629568 1 1 3 2 4667.4
1213464576 1 1 5 1 4735.19
1213726720 1 1 5 2 4755.83
1214513152 1 1 6 1 4779.4
1214775296 1 1 6 2 4800.05
1215561728 1 1 7 1 4823.62
1215823872 1 1 7 2 4844.26
1216610304 1 1 8 1 4867.83
1216872448 1 1 8 2 4888.48
1219756032 1 1 11 1 5000.48
1220018176 1 1 11 2 5021.12
1220804608 1 1 12 1 5044.69
1221066752 1 1 12 2 5065.34
1221853184 1 1 13 1 5088.91
1222115328 1 1 13 2 5109.55
1222901760 1 1 14 1 5133.12
1223163904 1 1 14 2 5153.77
1223950336 1 1 15 1 5456.74
1224212480 1 1 15 2 5477.38
1224998912 1 1 16 1 5500.95
1225261056 1 1 16 2 5521.6
1226047488 1 1 17 1 5545.17
1226309632 1 1 17 2 5565.81
1227096064 1 1 18 1 5589.38
1227358208 1 1 18 2 5610.02
1229193216 1 1 20 1 5677.81
1229455360 1 1 20 2 5698.45
1230241792 1 1 21 1 5722.03
1230503936 1 1 21 2 5742.67
1500774400 1 3 23 1 5810.45
1501036544 1 3 23 2 5831.1
1501822976 1 3 24 1 5855.68
1502085120 1 3 24 2 5876.33
1502871552 1 3 25 1 5900.91
1503133696 1 3 25 2 5921.56
1503920128 1 3 26 1 5946.14
1504182272 1 3 26 2 5966.79
1504968704 1 3 27 1 5991.37
1505230848 1 3 27 2 6012.01
1506017280 1 3 28 1 6036.6
1506279424 1 3 28 2 6057.24
1507065856 1 3 29 1 6081.83
1507328000 1 3 29 2 6102.47
1508114432 1 3 30 1 6127.06
1508376576 1 3 30 2 6147.7
1509163008 1 3 31 1 6172.29
1509425152 1 3 31 2 6192.93
1510211584 1 3 32 1 6217.52
1510473728 1 3 32 2 6238.16
1511260160 1 3 33 1 6262.74
1511522304 1 3 33 2 6283.39
1512308736 1 3 34 1 6307.97
1512570880 1 3 34 2 6328.62
1513357312 1 3 35 1 6353.2
1513619456 1 3 35 2 6373.85
1514405888 1 3 36 1 6398.43
1514668032 1 3 36 2 6419.08
1515454464 1 3 37 1 6443.66
1515716608 1 3 37 2 6464.3
1516503040 1 3 38 1 6488.89
1516765184 1 3 38 2 6509.53
1517551616 1 3 39 1 6534.12
1517813760 1 3 39 2 6554.76
1518600192 1 3 40 1 6579.35
1518862336 1 3 40 2 6599.99
1519648768 1 3 41 1 6624.58
1519910912 1 3 41 2 6645.22
1520697344 1 3 42 1 6669.81
1520959488 1 3 42 2 6690.45
1521745920 1 3 43 1 6715.03
1522008064 1 3 43 2 6735.68
1522794496 1 3 44 1 6760.26
1523056640 1 3 44 2 6780.91
1523843072 1 3 45 1 6805.49
1524105216 1 3 45 2 6826.14
1524891648 1 3 46 1 6850.72
1525153792 1 3 46 2 6871.37
1525940224 1 3 47 1 6895.95
1526202368 1 3 47 2 6916.59
1526988800 1 3 48 1 6941.18
1527250944 1 3 48 2 6961.82
1528037376 1 3 49 1 6986.41
1528299520 1 3 49 2 7007.05
1529085952 1 3 50 1 7031.64
1529348096 1 3 50 2 7052.28
1530134528 1 3 51 1 7076.87
1530396672 1 3 51 2 7097.51
1531183104 1 3 52 1 7122.1
1531445248 1 3 52 2 7142.74
1532231680 1 3 53 1 7167.32
1532493824 1 3 53 2 7187.97
1533280256 1 3 54 1 7212.55
1533542400 1 3 54 2 7233.2
1534328832 1 3 55 1 7257.78
1534590976 1 3 55 2 7278.43
1535377408 1 3 56 1 7303.01
1535639552 1 3 56 2 7323.66
1536425984 1 3 57 1 7348.24
1536688128 1 3 57 2 7368.88
1537474560 1 3 58 1 7393.47
1537736704 1 3 58 2 7414.11
1538523136 1 3 59 1 7438.7
1538785280 1 3 59 2 7459.34
1539571712 1 3 60 1 7483.93
1539833856 1 3 60 2 7504.57
1540620288 1 3 61 1 7529.16
1540882432 1 3 61 2 7549.8
1541668864 1 3 62 1 7574.39
1541931008 1 3 62 2 7595.03
1542717440 1 3 63 1 7619.61
1542979584 1 3 63 2 7640.26
1543766016 1 3 64 1 7664.84
1544028160 1 3 64 2 7685.49
1544814592 1 3 65 1 7710.07
1545076736 1 3 65 2 7730.72
1545863168 1 3 66 1 7755.3
1546125312 1 3 66 2 7775.95
1546911744 1 3 67 1 7800.53
1547173888 1 3 67 2 7821.17
1547960320 1 3 68 1 7845.76
1548222464 1 3 68 2 7866.4
1549008896 1 3 69 1 7890.99
1549271040 1 3 69 2 7911.63
1550057472 1 3 70 1 7936.22
1550319616 1 3 70 2 7956.86
1551106048 1 3 71 1 7981.45
1551368192 1 3 71 2 8002.09
1552154624 1 3 72 1 8026.68
1552416768 1 3 72 2 8047.32
1553203200 1 3 73 1 8071.9
1553465344 1 3 73 2 8092.55
1554251776 1 3 74 1 8117.13
1554513920 1 3 74 2 8137.78
1555300352 1 3 75 1 8162.36
1555562496 1 3 75 2 8183.01
1556348928 1 3 76 1 8207.59
1556611072 1 3 76 2 8228.24
1557397504 1 3 77 1 8252.82
1557659648 1 3 77 2 8273.46
1558446080 1 3 78 1 8298.05
1558708224 1 3 78 2 8318.69
1559494656 1 3 79 1 8343.28
1559756800 1 3 79 2 8363.92
1560543232 1 3 80 1 8388.51
1560805376 1 3 80 2 8409.15
1561591808 1 3 81 1 8433.74
1561853952 1 3 81 2 8454.38
1562640384 1 3 82 1 8478.97
1562902528 1 3 82 2 8499.61
1563688960 1 3 83 1 8524.19
1563951104 1 3 83 2 8544.84
1564737536 1 3 84 1 8569.42
1564999680 1 3 84 2 8590.07
1700003840 1 4 85 1 8614.65
1700265984 1 4 85 2 8635.3
1701052416 1 4 86 1 8659.46
1701314560 1 4 86 2 8680.1
1702100992 1 4 87 1 8704.26
1702363136 1 4 87 2 8724.9
1703149568 1 4 88 1 8749.06
1703411712 1 4 88 2 8769.71
1704198144 1 4 89 1 8793.86
1704460288 1 4 89 2 8814.51
1705246720 1 4 90 1 8838.67
1705508864 1 4 90 2 8859.31
1706295296 1 4 91 1 8883.47
1706557440 1 4 91 2 8904.11
1707343872 1 4 92 1 8928.27
1707606016 1 4 92 2 8948.92
1708392448 1 4 93 1 8973.08
1708654592 1 4 93 2 8993.72
1709441024 1 4 94 1 9017.88
1709703168 1 4 94 2 9038.52
1844969472 1 5 95 2 9088.08
1846018048 1 5 96 2 9135.41
1847066624 1 5 97 2 9182.75
1848115200 1 5 98 2 9230.08
1849163776 1 5 99 2 9277.41
1850212352 1 5 100 2 9324.74
1851260928 1 5 101 2 9372.08
1852309504 1 5 102 2 9419.41
1853358080 1 5 103 2 9466.74
1854406656 1 5 104 2 9514.07
1855455232 1 5 105 2 9561.41
1856503808 1 5 106 2 9608.74
1857552384 1 5 107 2 9656.07
1858600960 1 5 108 2 9703.4
1859649536 1 5 109 2 9750.74
1860698112 1 5 110 2 9798.07
1861746688 1 5 111 2 9845.4
1862795264 1 5 112 2 9892.73
1863843840 1 5 113 2 9940.07
1864892416 1 5 114 2 9987.4