0 0 80
0 25 154
0 50 76
0 75 58
0 100 29
0 125 40
0 150 21
0 175 20
0 200 10
0 225 10
0 250 10
0 275 12
0 325 7
0 375 6
0 400 8
0 425 6
0 450 8
25 25 56
25 50 178
25 75 112
25 100 66
25 125 55
25 150 32
25 175 22
25 200 16
25 225 11
25 250 7
25 275 8
25 300 11
25 375 8
50 50 26
50 75 142
50 100 128
50 125 87
50 150 66
50 175 26
50 200 25
50 225 21
50 250 15
50 275 12
50 300 7
50 325 9
50 375 6
75 75 14
75 100 72
75 125 81
75 150 63
75 175 35
75 200 13
75 225 11
75 250 11
75 275 11
100 100 8
100 125 18
100 150 26
100 175 34
100 200 24
100 225 20
100 250 9
100 275 6
100 300 6
100 325 9
100 350 8
125 175 17
125 200 11
125 225 15
125 250 8
125 275 7
150 225 10
150 350 6
