0.825       23.7367     0.784029    
0.875       35.2029     1.16276     
0.925       44.4795     1.46917     
0.975       74.6747     2.46653     
1.025       105.458     3.48332     
1.075       179.708     5.93579     
1.125       253.739     8.38106     
1.175       286.565     9.46532     
1.225       291.952     9.64326     
1.275       323.874     10.6977     
1.325       227.134     7.5023      
1.375       243.832     8.05384     
1.425       174.314     5.75763     
1.475       153.949     5.08499     
1.525       135.547     4.47716     
1.575       124.227     4.10326     
1.625       103.428     3.41625     
1.675       90.335      2.98379     
1.725       68.6561     2.26773     
1.775       42.4971     1.40369  