0.825       1.25599     0.167825    
0.875       3.86977     0.517075    
0.925       4.06058     0.54257     
0.975       8.63113     1.15328     
1.025       11.1662     1.49202     
1.075       21.3525     2.85311     
1.125       33.849      4.52287     
1.175       61.8931     8.27009     
1.225       84.4215     11.2803     
1.275       100.443     13.4211     
1.325       88.9838     11.8899     
1.375       76.7972     10.2616     
1.425       62.849      8.39783     
1.475       50.8813     6.79871     
1.525       40.6452     5.43097     
1.575       31.8793     4.25967     
1.625       22.6431     3.02555     
1.675       15.4031     2.05815     
1.725       11.9966     1.60297     
1.775       8.6301      1.15315     