0.825       2.55074     0.326984    
0.875       4.79263     0.614376    
0.925       7.32796     0.939384    
0.975       12.2891     1.57536     
1.025       20.4514     2.62171     
1.075       47.555      6.09615     
1.125       88.2846     11.3174     
1.175       140.983     18.0728     
1.225       142.467     18.2631     
1.275       102.139     13.0934     
1.325       72.937      9.34993     
1.375       40.9136     5.24479     
1.425       33.1608     4.25094     
1.475       18.6522     2.39105     
1.525       11.5714     1.48336     
1.575       11.2944     1.44785     
1.625       6.41264     0.822048    
1.675       3.805       0.48777     
1.725       2.7016      0.346323    
1.775       1.88061     0.241079    