0.825       0.795714    0.119722    
0.875       1.52399     0.229296    
0.925       2.58343     0.388698    
0.975       4.2526      0.639838    
1.025       4.57311     0.688062    
1.075       9.34988     1.40677     
1.125       14.5233     2.18514     
1.175       24.3906     3.66977     
1.225       29.636      4.45898     
1.275       45.0275     6.77476     
1.325       52.5448     7.90579     
1.375       61.1499     9.2005      
1.425       61.7248     9.28699     
1.475       73.4873     11.0568     
1.525       69.0468     10.3887     
1.575       59.9637     9.02203     
1.625       48.2015     7.2523      
1.675       35.9884     5.41475     
1.725       33.4551     5.03359     
1.775       28.3725     4.26887   