0.825       4.84454     0.584941    
0.875       5.76572     0.696167    
0.925       8.71751     1.05257     
0.975       14.5932     1.76202     
1.025       20.0096     2.416       
1.075       36.4026     4.39534     
1.125       51.1493     6.17589     
1.175       61.5454     7.43115     
1.225       68.6465     8.28855     
1.275       62.4131     7.53591     
1.325       67.2468     8.11954     
1.375       62.1384     7.50274     
1.425       59.3918     7.17111     
1.475       56.2223     6.78842     
1.525       52.8553     6.38188     
1.575       46.4827     5.61244     
1.625       41.5924     5.02197     
1.675       35.3265     4.26541     
1.725       32.3969     3.91168     
1.775       26.0757     3.14844  