0.825       3.80674     0.249054    
0.875       8.6624      0.566734    
0.925       11.3885     0.74509     
0.975       20.9202     1.3687      
1.025       31.6176     2.06857     
1.075       68.9075     4.50824     
1.125       122.134     7.99054     
1.175       202.876     13.2731     
1.225       226.889     14.8441     
1.275       202.583     13.2539     
1.325       161.921     10.5936     
1.375       117.711     7.70118     
1.425       96.0098     6.2814      
1.475       69.5335     4.5492      
1.525       52.2166     3.41625     
1.575       43.1737     2.82462     
1.625       29.0557     1.90096     
1.675       19.2081     1.25668     
1.725       14.6982     0.961622    
1.775       10.5107     0.687659  