0.825       9.44699     0.312677    
0.875       15.9521     0.527984    
0.925       22.6895     0.750978    
0.975       39.766      1.31618     
1.025       56.2003     1.86012     
1.075       114.66      3.79503     
1.125       187.806     6.21602     
1.175       288.812     9.55912     
1.225       325.171     10.7625     
1.275       310.023     10.2612     
1.325       281.712     9.32414     
1.375       240.999     7.97661     
1.425       217.126     7.18647     
1.475       199.243     6.59456     
1.525       174.119     5.76299     
1.575       149.62      4.95214     
1.625       118.85      3.93369     
1.675       90.523      2.99614     
1.725       80.5502     2.66606     
1.775       64.9589     2.15001   