	0 9.887
	1 9.96673
	2 10.0469
	3 10.1276
	4 10.2092
	5 10.2937
	6 10.3767
	7 10.4605
	8 10.5451
	9 10.6303
	10 10.7163
	11 10.8029
	12 10.8903
	13 10.9783
	14 11.0672
	15 11.1568
	16 11.2471
	17 11.3382
	18 11.43
	19 11.5225
	20 11.6158
	21 11.71
	22 11.8049
	23 11.9005
	24 11.997
	25 12.0943
	26 12.1924
	27 12.2912
	28 12.3909
	29 12.4914
	30 12.5929
	31 12.695
	32 12.798
	33 12.9019
	34 13.0064
	35 13.1119
	36 13.2185
	37 13.3257
	38 13.434
	39 13.5431
	40 13.6532
	41 13.7642
	42 13.8759
	43 13.9887
	44 14.1025
	45 14.2172
	46 14.3327
	47 14.4492
	48 14.5668
	49 14.6852
	50 14.8045
	51 14.9346
	52 15.0558
	53 15.1775
	54 15.3006
	55 15.4247
	56 15.5496
	57 15.6757
	58 15.8029
	59 15.9313
	60 16.0603
	61 16.1908
	62 16.3244
	63 16.4566
	64 16.5863
	65 16.7213
	66 16.8573
	67 16.9966
	68 17.1348
	69 17.274
	70 17.4142
	71 17.5556
	72 17.6983
	73 17.8423
	74 17.9874
	75 18.1336
	76 18.2812
	77 18.4299
	78 18.5799
	79 18.7312
	80 18.8836
	81 19.0373
	82 19.1924
	83 19.3486
	84 19.5061
	85 19.6651
	86 19.8252
	87 19.9868
	88 20.1497
	89 20.3138
	90 20.4794
	91 20.6465
	92 20.8147
	93 20.9846
	94 21.1556
	95 21.3279
	96 21.5018
	97 21.6776
	98 21.8542
	99 22.0326
	100 22.2124
	101 22.2741
	102 22.3361
	103 22.3985
	104 22.4612
	105 22.5242
	106 22.5881
	107 22.6522
	108 22.7175
	109 22.7829
	110 22.8486
	111 22.9148
	112 22.9819
	113 23.0489
	114 23.1163
	115 23.1867
	116 23.2534
	117 23.323
	118 23.3918
	119 23.4633
	120 23.5326
	121 23.6091
	122 23.6797
	123 23.7634
	124 23.828
	125 23.8941
	126 23.9716
	127 24.0491
	128 24.1259
	129 24.2055
	130 24.2748
	131 24.3487
	132 24.4305
	133 24.507
	134 24.5827
	135 24.6638
	136 24.7434
	137 24.8242
	138 24.9059
	139 24.9872
	140 25.0693
	141 25.1529
	142 25.2364
	143 25.3207
	144 25.4056
	145 25.4904
	146 25.577
	147 25.6636
	148 25.7507
	149 25.8387
	150 25.9275
	151 26.0169
	152 26.1066
	153 26.1976
	154 26.2888
	155 26.3806
	156 26.4733
	157 26.5669
	158 26.6605
	159 26.7558
	160 26.8509
	161 26.9471
	162 27.0439
	163 27.1416
	164 27.2397
	165 27.3391
	166 27.4385
	167 27.5389
	168 27.6403
	169 27.7424
	170 27.8448
	171 27.9486
	172 28.0525
	173 28.1576
	174 28.2633
	175 28.3703
	176 28.4777
	177 28.5857
	178 28.695
	179 28.8049
	180 28.9154
	181 29.0269
	182 29.1395
	183 29.253
	184 29.3668
	185 29.4814
	186 29.5976
	187 29.7143
	188 29.8306
	189 29.9493
	190 30.068
	191 30.1884
	192 30.3096
	193 30.4313
	194 30.5544
	195 30.6783
	196 30.8027
	197 30.9287
	198 31.0553
	199 31.1828
	200 31.3118
	1 9.75803
	2 9.6305
	3 9.50408
	4 9.37928
	5 9.25574
	6 9.13345
	7 9.01275
	8 8.8934
	9 8.77554
	10 8.65897
	11 8.54584
	12 8.43073
	13 8.31538
	14 8.20411
	15 8.0952
	16 7.98139
	17 7.87899
	18 7.77292
	19 7.66825
	20 7.56486
	21 7.4629
	22 7.36164
	23 7.26157
	24 7.16322
	25 7.06561
	26 6.96337
	27 6.86836
	28 6.77422
	29 6.68042
	30 6.58966
	31 6.499
	32 6.40944
	33 6.32078
	34 6.23339
	35 6.14691
	36 6.06148
	37 5.97713
	38 5.89366
	39 5.80404
	40 5.72193
	41 5.64085
	42 5.56076
	43 5.48168
	44 5.40348
	45 5.32633
	46 5.25007
	47 5.17475
	48 5.10039
	49 5.02683
	50 4.95433
	51 4.88263
	52 4.81185
	53 4.74197
	54 4.6729
	55 4.60474
	56 4.53747
	57 4.47107
	58 4.40554
	59 4.34089
	60 4.27715
	61 4.21737
	62 4.15148
	63 4.08987
	64 4.02911
	65 3.96935
	66 3.91045
	67 3.85238
	68 3.79499
	69 3.73832
	70 3.68234
	71 3.62709
	72 3.57259
	73 3.51888
	74 3.46586
	75 3.41263
	76 3.36107
	77 3.31024
	78 3.25994
	79 3.21048
	80 3.16171
	81 3.11365
	82 3.06611
	83 3.01954
	84 2.97367
	85 2.92847
	86 2.8839
	87 2.83999
	88 2.7967
	89 2.75413
	90 2.71196
	91 2.6704
	92 2.62797
	93 2.58788
	94 2.54846
	95 2.50966
	96 2.47118
	97 2.43362
	98 2.39635
	99 2.35961
	100 2.32362
	101 2.27973
	102 2.23667
	103 2.19447
	104 2.15311
	105 2.11263
	106 2.07299
	107 2.03392
	108 1.99613
	109 1.9581
	110 1.922
	111 1.88678
	112 1.85241
	113 1.81871
	114 1.78592
	115 1.75393
	116 1.72268
	117 1.69225
	118 1.66257
	119 1.63367
	120 1.60536
	121 1.5778
	122 1.55249
	123 1.52571
	124 1.50023
	125 1.47599
	126 1.45161
	127 1.42817
	128 1.406
	129 1.38413
	130 1.36371
	131 1.34315
	132 1.32348
	133 1.30291
	134 1.2844
	135 1.26652
	136 1.24943
	137 1.23266
	138 1.21672
	139 1.20133
	140 1.18656
	141 1.17236
	142 1.15847
	143 1.14557
	144 1.1333
	145 1.12147
	146 1.1102
	147 1.0995
	148 1.08941
	149 1.07987
	150 1.0708
	151 1.06289
	152 1.05464
	153 1.04712
	154 1.04015
	155 1.03389
	156 1.02802
	157 1.02264
	158 1.01797
	159 1.01353
	160 1.00974
	161 1.00646
	162 1.00364
	163 1.0012
	164 0.999457
	165 0.997977
	166 0.997044
	167 0.996633
	168 0.99657
	169 0.997208
	170 0.997974
	171 0.9993
	172 1.00125
	173 1.00329
	174 1.00589
	175 1.00903
	176 1.01248
	177 1.01656
	178 1.02078
	179 1.02554
	180 1.03071
	181 1.03608
	182 1.04225
	183 1.04938
	184 1.05648
	185 1.06706
	186 1.07839
	187 1.09038
	188 1.10307
	189 1.11687
	190 1.13102
	191 1.14614
	192 1.16254
	193 1.17953
	194 1.19718
	195 1.21634
	196 1.23607
	197 1.25633
	198 1.27794
	199 1.30027
	200 1.32277