	0 1.12
	1 1.11776
	2 1.11552
	3 1.11328
	4 1.11104
	5 1.1088
	6 1.10656
	7 1.10432
	8 1.10208
	9 1.09984
	10 1.0976
	11 1.09536
	12 1.09312
	13 1.09088
	14 1.08864
	15 1.0864
	16 1.08416
	17 1.08192
	18 1.07968
	19 1.07744
	20 1.0752
	21 1.07296
	22 1.07072
	23 1.06848
	24 1.06624
	25 1.064
	26 1.06176
	27 1.05952
	28 1.05728
	29 1.05504
	30 1.0528
	31 1.05056
	32 1.04832
	33 1.04608
	34 1.04384
	35 1.0416
	36 1.03936
	37 1.03712
	38 1.03488
	39 1.03264
	40 1.0304
	41 1.02816
	42 1.02592
	43 1.02368
	44 1.02144
	45 1.0192
	46 1.01696
	47 1.01472
	48 1.01248
	49 1.01024
	50 1.008
	51 1.00576
	52 1.00352
	53 1.00128
	54 0.99904
	55 0.9968
	56 0.99456
	57 0.99232
	58 0.99008
	59 0.98784
	60 0.9856
	61 0.98336
	62 0.98112
	63 0.97888
	64 0.97664
	65 0.9744
	66 0.97216
	67 0.96992
	68 0.96768
	69 0.96544
	70 0.9632
	71 0.96096
	72 0.95872
	73 0.95648
	74 0.95424
	75 0.952
	76 0.94976
	77 0.94752
	78 0.94528
	79 0.94304
	80 0.9408
	81 0.93856
	82 0.93632
	83 0.93408
	84 0.93184
	85 0.9296
	86 0.92736
	87 0.92512
	88 0.92288
	89 0.92064
	90 0.9184
	91 0.91616
	92 0.91392
	93 0.91168
	94 0.90944
	95 0.9072
	96 0.90496
	97 0.90272
	98 0.90048
	99 0.89824
	100 0.896
	101 0.89376
	102 0.89152
	103 0.88928
	104 0.88704
	105 0.8848
	106 0.88256
	107 0.88032
	108 0.87808
	109 0.87584
	110 0.8736
	111 0.87136
	112 0.86912
	113 0.86688
	114 0.86464
	115 0.8624
	116 0.86016
	117 0.85792
	118 0.85568
	119 0.85344
	120 0.8512
	121 0.84896
	122 0.84672
	123 0.84448
	124 0.84224
	125 0.84
	126 0.83776
	127 0.83552
	128 0.83328
	129 0.83104
	130 0.8288
	131 0.82656
	132 0.82432
	133 0.82208
	134 0.81984
	135 0.8176
	136 0.81536
	137 0.81312
	138 0.81088
	139 0.80864
	140 0.8064
	141 0.80416
	142 0.80192
	143 0.79968
	144 0.79744
	145 0.7952
	146 0.79296
	147 0.79072
	148 0.78848
	149 0.78624
	150 0.784
	151 0.78176
	152 0.77952
	153 0.77728
	154 0.77504
	155 0.7728
	156 0.77056
	157 0.76832
	158 0.76608
	159 0.76384
	160 0.7616
	161 0.75936
	162 0.75712
	163 0.75488
	164 0.75264
	165 0.7504
	166 0.74816
	167 0.74592
	168 0.74368
	169 0.74144
	170 0.7392
	171 0.73696
	172 0.73472
	173 0.73248
	174 0.73024
	175 0.728
	176 0.72576
	177 0.72352
	178 0.72128
	179 0.71904
	180 0.7168
	181 0.71456
	182 0.71232
	183 0.71008
	184 0.70784
	185 0.7056
	186 0.70336
	187 0.70112
	188 0.69888
	189 0.69664
	190 0.6944
	191 0.69216
	192 0.68992
	193 0.68768
	194 0.68544
	195 0.6832
	196 0.68096
	197 0.67872
	198 0.67648
	199 0.67424
	200 0.672
	1 1.12224
	2 1.12448
	3 1.12672
	4 1.12896
	5 1.1312
	6 1.13344
	7 1.13568
	8 1.13792
	9 1.14016
	10 1.1424
	11 1.14464
	12 1.14688
	13 1.14912
	14 1.15136
	15 1.1536
	16 1.15584
	17 1.15808
	18 1.16032
	19 1.16256
	20 1.1648
	21 1.16704
	22 1.16928
	23 1.17152
	24 1.17376
	25 1.176
	26 1.17824
	27 1.18048
	28 1.18272
	29 1.18496
	30 1.1872
	31 1.18944
	32 1.19168
	33 1.19392
	34 1.19616
	35 1.1984
	36 1.20064
	37 1.20288
	38 1.20512
	39 1.20736
	40 1.2096
	41 1.21184
	42 1.21408
	43 1.21632
	44 1.21856
	45 1.2208
	46 1.22304
	47 1.22528
	48 1.22752
	49 1.22976
	50 1.232
	51 1.23424
	52 1.23648
	53 1.23872
	54 1.24096
	55 1.2432
	56 1.24544
	57 1.24768
	58 1.24992
	59 1.25216
	60 1.2544
	61 1.25664
	62 1.25888
	63 1.26112
	64 1.26336
	65 1.2656
	66 1.26784
	67 1.27008
	68 1.27232
	69 1.27456
	70 1.2768
	71 1.27904
	72 1.28128
	73 1.28352
	74 1.28576
	75 1.288
	76 1.29024
	77 1.29248
	78 1.29472
	79 1.29696
	80 1.2992
	81 1.30144
	82 1.30368
	83 1.30592
	84 1.30816
	85 1.3104
	86 1.31264
	87 1.31488
	88 1.31712
	89 1.31936
	90 1.3216
	91 1.32384
	92 1.32608
	93 1.32832
	94 1.33056
	95 1.3328
	96 1.33504
	97 1.33728
	98 1.33952
	99 1.34176
	100 1.344
	101 1.34624
	102 1.34848
	103 1.35072
	104 1.35296
	105 1.3552
	106 1.35744
	107 1.35968
	108 1.36192
	109 1.36416
	110 1.3664
	111 1.36864
	112 1.37088
	113 1.37312
	114 1.37536
	115 1.3776
	116 1.37984
	117 1.38208
	118 1.38432
	119 1.38656
	120 1.3888
	121 1.39104
	122 1.39328
	123 1.39552
	124 1.39776
	125 1.4
	126 1.40224
	127 1.40448
	128 1.40672
	129 1.40896
	130 1.4112
	131 1.41344
	132 1.41568
	133 1.41792
	134 1.42016
	135 1.4224
	136 1.42464
	137 1.42688
	138 1.42912
	139 1.43136
	140 1.4336
	141 1.43584
	142 1.43808
	143 1.44032
	144 1.44256
	145 1.4448
	146 1.44704
	147 1.44928
	148 1.45152
	149 1.45376
	150 1.456
	151 1.45824
	152 1.46048
	153 1.46272
	154 1.46496
	155 1.4672
	156 1.46944
	157 1.47168
	158 1.47392
	159 1.47616
	160 1.4784
	161 1.48064
	162 1.48288
	163 1.48512
	164 1.48736
	165 1.4896
	166 1.49184
	167 1.49408
	168 1.49632
	169 1.49856
	170 1.5008
	171 1.50304
	172 1.50528
	173 1.50752
	174 1.50976
	175 1.512
	176 1.51424
	177 1.51648
	178 1.51872
	179 1.52096
	180 1.5232
	181 1.52544
	182 1.52768
	183 1.52992
	184 1.53216
	185 1.5344
	186 1.53664
	187 1.53888
	188 1.54112
	189 1.54336
	190 1.5456
	191 1.54784
	192 1.55008
	193 1.55232
	194 1.55456
	195 1.5568
	196 1.55904
	197 1.56128
	198 1.56352
	199 1.56576
	200 1.568
