	0 1
	1 0.99921
	2 0.99842
	3 0.99763
	4 0.99684
	5 0.996051
	6 0.995261
	7 0.994471
	8 0.993681
	9 0.992891
	10 0.992101
	11 0.991311
	12 0.990521
	13 0.989731
	14 0.988942
	15 0.988152
	16 0.987362
	17 0.986572
	18 0.985782
	19 0.984992
	20 0.984202
	21 0.983412
	22 0.982622
	23 0.981833
	24 0.981043
	25 0.980253
	26 0.979463
	27 0.978673
	28 0.977883
	29 0.977093
	30 0.976303
	31 0.975513
	32 0.974723
	33 0.973934
	34 0.973144
	35 0.972354
	36 0.971564
	37 0.970774
	38 0.969984
	39 0.969194
	40 0.968404
	41 0.967614
	42 0.966825
	43 0.966035
	44 0.965245
	45 0.964455
	46 0.963665
	47 0.962875
	48 0.962085
	49 0.961295
	50 0.960505
	51 0.959716
	52 0.958926
	53 0.958136
	54 0.957346
	55 0.956556
	56 0.955766
	57 0.954976
	58 0.954186
	59 0.953396
	60 0.952607
	61 0.951817
	62 0.951027
	63 0.950237
	64 0.949447
	65 0.948657
	66 0.947867
	67 0.947077
	68 0.946287
	69 0.945498
	70 0.944708
	71 0.943918
	72 0.943128
	73 0.942338
	74 0.941548
	75 0.940758
	76 0.939968
	77 0.939178
	78 0.938389
	79 0.937599
	80 0.936809
	81 0.936019
	82 0.935229
	83 0.934439
	84 0.933649
	85 0.932859
	86 0.932069
	87 0.931279
	88 0.93049
	89 0.9297
	90 0.92891
	91 0.92812
	92 0.92733
	93 0.92654
	94 0.92575
	95 0.92496
	96 0.92417
	97 0.923381
	98 0.922591
	99 0.921801
	100 0.921011
	101 0.919598
	102 0.918185
	103 0.916772
	104 0.915359
	105 0.913946
	106 0.912533
	107 0.91112
	108 0.909707
	109 0.908294
	110 0.906881
	111 0.905468
	112 0.904055
	113 0.902643
	114 0.90123
	115 0.899817
	116 0.898404
	117 0.896991
	118 0.895578
	119 0.894165
	120 0.892752
	121 0.891339
	122 0.889926
	123 0.888513
	124 0.8871
	125 0.885687
	126 0.884274
	127 0.882861
	128 0.881448
	129 0.880035
	130 0.878622
	131 0.877209
	132 0.875796
	133 0.874383
	134 0.872971
	135 0.871558
	136 0.870145
	137 0.868732
	138 0.867319
	139 0.865906
	140 0.864493
	141 0.86308
	142 0.861667
	143 0.860254
	144 0.858841
	145 0.857428
	146 0.856015
	147 0.854602
	148 0.853189
	149 0.851776
	150 0.850363
	151 0.84895
	152 0.847537
	153 0.846124
	154 0.844712
	155 0.843299
	156 0.841886
	157 0.840473
	158 0.83906
	159 0.837647
	160 0.836234
	161 0.834821
	162 0.833408
	163 0.831995
	164 0.830582
	165 0.829169
	166 0.827756
	167 0.826343
	168 0.82493
	169 0.823517
	170 0.822104
	171 0.820691
	172 0.819278
	173 0.817865
	174 0.816452
	175 0.81504
	176 0.813627
	177 0.812214
	178 0.810801
	179 0.809388
	180 0.807975
	181 0.806562
	182 0.805149
	183 0.803736
	184 0.802323
	185 0.80091
	186 0.799497
	187 0.798084
	188 0.796671
	189 0.795258
	190 0.793845
	191 0.792432
	192 0.791019
	193 0.789606
	194 0.788193
	195 0.78678
	196 0.785368
	197 0.783955
	198 0.782542
	199 0.781129
	200 0.779716
	1 1.00047
	2 1.00094
	3 1.00142
	4 1.00189
	5 1.00236
	6 1.00283
	7 1.00331
	8 1.00378
	9 1.00425
	10 1.00472
	11 1.00519
	12 1.00567
	13 1.00614
	14 1.00661
	15 1.00708
	16 1.00756
	17 1.00803
	18 1.0085
	19 1.00897
	20 1.00944
	21 1.00992
	22 1.01039
	23 1.01086
	24 1.01133
	25 1.01181
	26 1.01228
	27 1.01275
	28 1.01322
	29 1.01369
	30 1.01417
	31 1.01464
	32 1.01511
	33 1.01558
	34 1.01606
	35 1.01653
	36 1.017
	37 1.01747
	38 1.01794
	39 1.01842
	40 1.01889
	41 1.01936
	42 1.01983
	43 1.02031
	44 1.02078
	45 1.02125
	46 1.02172
	47 1.02219
	48 1.02267
	49 1.02314
	50 1.02361
	51 1.02408
	52 1.02456
	53 1.02503
	54 1.0255
	55 1.02597
	56 1.02644
	57 1.02692
	58 1.02739
	59 1.02786
	60 1.02833
	61 1.02881
	62 1.02928
	63 1.02975
	64 1.03022
	65 1.03069
	66 1.03117
	67 1.03164
	68 1.03211
	69 1.03258
	70 1.03306
	71 1.03353
	72 1.034
	73 1.03447
	74 1.03494
	75 1.03542
	76 1.03589
	77 1.03636
	78 1.03683
	79 1.03731
	80 1.03778
	81 1.03825
	82 1.03872
	83 1.03919
	84 1.03967
	85 1.04014
	86 1.04061
	87 1.04108
	88 1.04156
	89 1.04203
	90 1.0425
	91 1.04297
	92 1.04344
	93 1.04392
	94 1.04439
	95 1.04486
	96 1.04533
	97 1.04581
	98 1.04628
	99 1.04675
	100 1.04722
	101 1.04752
	102 1.04782
	103 1.04812
	104 1.04843
	105 1.04873
	106 1.04903
	107 1.04933
	108 1.04963
	109 1.04993
	110 1.05023
	111 1.05053
	112 1.05083
	113 1.05113
	114 1.05143
	115 1.05174
	116 1.05204
	117 1.05234
	118 1.05264
	119 1.05294
	120 1.05324
	121 1.05354
	122 1.05384
	123 1.05414
	124 1.05444
	125 1.05474
	126 1.05504
	127 1.05535
	128 1.05565
	129 1.05595
	130 1.05625
	131 1.05655
	132 1.05685
	133 1.05715
	134 1.05745
	135 1.05775
	136 1.05805
	137 1.05835
	138 1.05866
	139 1.05896
	140 1.05926
	141 1.05956
	142 1.05986
	143 1.06016
	144 1.06046
	145 1.06076
	146 1.06106
	147 1.06136
	148 1.06166
	149 1.06196
	150 1.06227
	151 1.06257
	152 1.06287
	153 1.06317
	154 1.06347
	155 1.06377
	156 1.06407
	157 1.06437
	158 1.06467
	159 1.06497
	160 1.06527
	161 1.06558
	162 1.06588
	163 1.06618
	164 1.06648
	165 1.06678
	166 1.06708
	167 1.06738
	168 1.06768
	169 1.06798
	170 1.06828
	171 1.06858
	172 1.06888
	173 1.06919
	174 1.06949
	175 1.06979
	176 1.07009
	177 1.07039
	178 1.07069
	179 1.07099
	180 1.07129
	181 1.07159
	182 1.07189
	183 1.07219
	184 1.0725
	185 1.0728
	186 1.0731
	187 1.0734
	188 1.0737
	189 1.074
	190 1.0743
	191 1.0746
	192 1.0749
	193 1.0752
	194 1.0755
	195 1.0758
	196 1.07611
	197 1.07641
	198 1.07671
	199 1.07701
	200 1.07731