0.05        0           0           
0.15        10.352      0.0226799   
0.25        20.8505     0.0456808   
0.35        33.8988     0.074268    
0.45        59.6807     0.130753    
0.55        83.8731     0.183755    
0.65        156.504     0.342881    
0.75        279.8       0.613006    
0.85        534.641     1.17133     
0.95        1218.2      2.66892     
1.05        3123.69     6.8436      
1.15        6571.86     14.3981     
1.25        7108.97     15.5748     
1.35        5251.69     11.5058     
1.45        4124.49     9.03624     
1.55        3510.58     7.69123     
1.65        2733.53     5.98881     
1.75        2133.08     4.6733      
1.85        1718.39     3.76478     
1.95        1438.35     3.15124     
2.05        1204        2.6378      
2.15        1056.76     2.31524     
2.25        886.609     1.94245     
2.35        665.706     1.45848     
2.45        536.605     1.17563     
2.55        402.745     0.882362    
2.65        284.38      0.623039    
2.75        212.203     0.464909    
2.85        197.107     0.431836    
2.95        85.3778     0.187052  