0           0           0           
0.1         71.0658     0.0227418   
0.2         113.695     0.0363836   
0.3         200.761     0.0642458   
0.4         336.332     0.10763     
0.5         582.753     0.186487    
0.6         919.619     0.294288    
0.7         1535.54     0.491388    
0.8         2938.61     0.940387    
0.9         6500.41     2.0802      
1           17733       5.67476     
1.1         41763       13.3646     
1.2         49442.4     15.8221     
1.3         39653.2     12.6894     
1.4         33053.2     10.5774     
1.5         27957.9     8.94683     
1.6         21426.1     6.85658     
1.7         16271.8     5.20716     
1.8         12796.9     4.09513     
1.9         10259       3.283       
2           7915.74     2.53312     
2.1         6055.71     1.93789     
2.2         4703.54     1.50518     
2.3         3390.65     1.08505     
2.4         2357.41     0.754395    
2.5         1718.08     0.549804    
2.6         1204.16     0.385345    
2.7         759.857     0.243162    
2.8         518.439     0.165906    
2.9         310.715     0.099432   