
[1mRooFit v3.55 -- Developed by Wouter Verkerke and David Kirkby[0m 
                Copyright (C) 2000-2012 NIKHEF, University of California & Stanford University
                All rights reserved, please read http://roofit.sourceforge.net/license.txt

Initializing FluxReweighter for Flux Error Band
Applying flux constraint to nu histogram
Applying flux constraint to nubar histogram
Data Playlists Selected!



======================================================================
Analyzing NTuples, Creating Histograms...
======================================================================
Initializing FluxReweighter for Flux Error Band
Applying flux constraint to nu histogram
Applying flux constraint to nubar histogram
Initializing FluxReweighter for Flux Error Band
Applying flux constraint to nu histogram
Applying flux constraint to nubar histogram
Initializing FluxReweighter for Flux Error Band
Applying flux constraint to nu histogram
Applying flux constraint to nubar histogram
Initializing CCProtonPi0_Interaction
	Root File: /minerva/data/users/oaltinok/NTupleAnalysis/Data/Analyzed/Interaction.root
Done!
Initializing FluxReweighter for Flux Error Band
Applying flux constraint to nu histogram
Applying flux constraint to nubar histogram
Initializing CCProtonPi0_Muon
	Root File: /minerva/data/users/oaltinok/NTupleAnalysis/Data/Analyzed/Muon.root
Done!
Initializing FluxReweighter for Flux Error Band
Applying flux constraint to nu histogram
Applying flux constraint to nubar histogram
Initializing CCProtonPi0_Proton
	Root File: /minerva/data/users/oaltinok/NTupleAnalysis/Data/Analyzed/Proton.root
Done!
Initializing FluxReweighter for Flux Error Band
Applying flux constraint to nu histogram
Applying flux constraint to nubar histogram
Initializing CCProtonPi0_Pion
	Root File: /minerva/data/users/oaltinok/NTupleAnalysis/Data/Analyzed/Pion.root
Done!
Initializing FluxReweighter for Flux Error Band
Applying flux constraint to nu histogram
Applying flux constraint to nubar histogram
Initializing CCProtonPi0_Pi0Blob
	Root File: /minerva/data/users/oaltinok/NTupleAnalysis/Data/Analyzed/Pi0Blob.root
Done!
Initializing FluxReweighter for Flux Error Band
Applying flux constraint to nu histogram
Applying flux constraint to nubar histogram
Initializing CCProtonPi0_BackgroundTool
	Output/TextFiles/BackgroundTable_All.txt
	Output/TextFiles/BackgroundTable_1Track.txt
	Output/TextFiles/BackgroundTable_2Track.txt
Done!
Initializing FluxReweighter for Flux Error Band
Applying flux constraint to nu histogram
Applying flux constraint to nubar histogram
Initializing CCProtonPi0_CutList
	NTuple Analysis Mode -- Will not create ROOT & Text Files
Done!
Initializing FluxReweighter for Flux Error Band
Applying flux constraint to nu histogram
Applying flux constraint to nubar histogram
Initializing CCProtonPi0_Analyzer
Opening Text Files:
	Output/TextFiles/FailChecks.txt
	Output/TextFiles/EventTypeTable.txt
Done!
CV Background Weights = 1.04624 0.473886 0.825939
CV Background Weight Errors = 0.0577892 0.0478202 0.0456352
Initialization Finished!

Reading Playlist: Input/Playlists/pl_Data_Reduced.dat
Looping over all entries
	Entry 0
2000 2 179
2000 5 593
2000 5 668
2000 6 807
2000 8 775
2000 8 879
2000 9 470
2000 10 403
2000 10 487
2001 1 439
2001 3 831
2001 5 319
2001 8 951
2002 3 515
2002 4 324
2003 2 416
2003 3 818
2003 7 455
2003 9 103
2003 10 986
2004 1 107
2004 2 361
2004 6 308
2004 7 190
2004 8 949
2004 9 117
2004 9 262
2004 10 475
2004 10 535
2004 10 682
2005 3 245
2005 3 507
2005 7 506
2005 7 878
2005 8 408
2005 8 537
2005 10 85
2005 13 573
2008 1 326
2008 2 117
2008 2 151
2008 9 912
2008 11 659
2008 12 278
2008 14 500
2009 1 347
2009 2 26
2009 2 914
2009 3 387
2009 3 491
2009 3 573
2009 4 541
2009 5 853
2009 6 476
2010 1 475
2010 1 861
2010 2 53
2010 3 191
2010 3 321
2010 5 940
2010 6 247
2010 8 756
2010 9 678
2014 1 983
2014 3 712
2014 5 605
2014 7 844
2014 8 629
2014 9 108
2014 10 496
2016 2 368
2016 4 137
2016 8 353
2016 9 742
2016 9 758
2017 4 825
2018 2 642
2019 1 760
2019 3 743
2019 7 691
2019 10 75
2019 10 456
2019 12 81
2019 12 685
2019 13 671
2019 15 880
2019 16 880
2019 16 894
2019 17 231
2019 18 15
2019 18 500
2019 18 877
2019 22 540
2019 23 301
2021 3 995
2021 4 4
2021 5 294
2021 5 724
2021 6 960
2021 7 6
2021 7 998
2021 9 681
2021 9 885
2021 10 120
2021 10 275
2021 11 312
2021 15 839
2021 16 269
2021 17 861
2021 19 220
2021 22 725
2021 22 862
2021 23 449
2022 3 828
2022 6 740
2022 7 872
2027 3 336
2027 3 653
2027 7 68
2027 7 123
2027 11 13
2027 11 485
2027 13 759
2027 14 251
2027 14 414
2027 14 522
2027 15 252
2027 18 325
2027 18 581
2028 2 58
2028 2 688
2028 6 924
2028 8 478
2028 8 983
2028 10 126
2028 10 455
2028 10 676
2028 10 722
2028 10 862
2028 14 87
2028 14 474
2028 14 908
2028 15 419
2029 1 802
2029 2 72
2030 3 422
2030 3 668
2030 3 794
2030 6 430
2032 1 777
2032 1 897
2032 3 388
2032 7 573
2032 11 116
2032 11 227
2032 13 560
2032 18 364
2034 2 711
2037 7 118
2037 10 541
2037 14 271
2037 16 187
2037 17 807
2037 17 897
2037 19 496
2037 20 376
2037 21 909
2037 23 425
2037 24 288
2037 24 390
2038 8 130
2038 14 801
2038 18 42
2039 2 134
2039 3 182
2039 3 838
2039 5 730
2039 6 302
2039 6 368
2042 2 606
2043 2 474
2043 2 582
2043 4 457
2043 5 550
2043 7 25
2045 8 170
2045 9 76
2045 9 941
2045 10 785
2045 13 612
2045 14 881
2045 16 846
2045 18 70
2045 20 275
2048 1 494
2048 4 865
2048 5 496
2048 5 498
2048 5 1138
2048 5 1890
2048 6 422
2048 6 1478
2048 7 399
2048 7 861
2050 1 1064
2050 2 295
2050 2 1701
2052 3 451
2056 2 1118
2056 2 1772
2056 3 942
2056 1 1383
2057 2 21
2057 2 395
2057 2 1370
2057 4 287
2057 6 1307
2057 6 1413
2057 6 1672
2057 6 1908
2057 7 573
2057 7 1611
2057 7 1983
2057 8 71
2057 8 458
2057 9 1500
2057 9 1704
2061 4 313
2061 4 407
2061 6 1147
2061 6 1403
2061 8 119
2061 8 266
2061 8 753
2061 10 1803
2061 12 910
2061 12 1549
2061 13 808
2061 15 669
2061 15 1368
2061 18 978
2061 19 29
2141 1 41
2141 6 82
2141 6 1249
2141 8 44
2145 1 859
2146 2 892
2146 3 331
2146 6 156
2146 6 1286
2146 8 1313
2146 10 624
2146 10 1311
2148 6 103
2148 6 350
2148 7 423
2148 7 1244
2148 8 962
2148 8 972
2148 9 81
2148 9 362
2148 10 645
2151 1 39
2151 1 421
2151 2 758
2151 2 1495
2151 3 1304
2151 4 540
2151 4 659
2151 7 741
2151 7 744
2151 8 235
2151 8 707
2151 8 1300
2151 10 243
2151 10 381
2151 10 857
2151 11 1193
2151 11 1492
2151 13 249
2151 15 227
2151 15 1273
2151 16 1496
2151 17 565
2151 18 298
2151 19 895
2151 20 758
2151 20 875
2151 20 1044
2151 21 362
2151 21 1376
2151 22 801
2151 22 1396
2151 23 1118
2151 24 120
2151 25 758
2151 25 1025
2151 27 1400
2151 28 1169
2151 29 1183
2151 33 44
2151 33 300
2151 33 1244
2151 33 1410
2151 34 1353
2151 35 244
2151 36 105
2151 36 1091
2151 36 1353
2151 37 143
2153 2 1204
2153 3 207
2153 3 1497
2153 5 1083
2153 7 1157
2153 8 377
2153 8 461
2153 8 1023
2153 10 564
2153 11 92
2153 11 391
2153 12 1318
2153 16 1429
2153 17 1327
2153 17 1421
2153 20 998
2153 20 1112
2154 1 245
2154 1 1241
2154 4 163
2154 4 1019
2154 4 1391
2154 5 271
2154 6 915
2154 6 971
2154 7 1310
2154 12 14
2154 13 75
2154 14 43
2154 14 329
2154 14 759
2154 15 1400
2154 16 1255
2154 17 378
2154 19 945
2154 20 630
2154 20 876
2154 21 800
2154 22 797
2154 23 257
2154 25 1060
2154 26 136
2154 26 1188
2154 28 356
2155 1 53
2156 2 1351
2156 3 36
2156 4 248
2156 5 598
2156 5 894
2156 8 544
2156 8 731
2156 9 244
2156 16 541
2156 17 725
2156 17 731
2156 17 1015
2156 19 75
2156 21 1478
2156 22 563
2156 25 832
2156 26 452
2156 26 949
2156 27 385
2156 28 1171
2156 29 220
2156 29 505
2156 32 726
2156 33 1097
2156 33 1302
2156 34 1368
2156 35 653
2156 36 661
2156 37 1297
2156 40 1281
2156 43 684
2156 43 1451
2156 45 713
2156 47 533
2156 47 616
2157 1 1312
2157 3 328
2157 4 229
2157 4 641
2157 7 870
2157 8 201
2157 8 539
2157 8 639
2157 8 766
2157 8 1210
2157 11 677
2157 11 904
2157 13 669
2157 13 978
2157 14 333
2157 15 333
2157 15 1073
2157 15 1451
2157 17 1145
2157 18 1451
2157 19 60
2157 20 683
2157 20 1325
2157 21 803
2158 6 1160
2160 2 709
2160 2 819
2160 3 805
2160 8 1359
2160 9 928
2160 11 570
2160 11 1035
2160 13 1046
2160 14 1171
2160 15 442
2160 16 405
2160 17 446
2160 18 951
2160 19 377
2160 25 412
2160 25 1319
2160 27 1181
2160 28 425
2160 29 515
2160 29 1444
2160 30 1406
2160 31 328
2160 32 928
2160 33 114
2160 33 700
2160 39 589
2160 40 757
2160 42 618
2160 43 199
2160 43 263
2160 45 294
2160 46 1395
2161 1 575
2161 1 896
2161 1 1159
2161 2 564
2161 2 1482
2161 4 315
2161 4 926
2161 5 25
2161 6 296
2161 7 292
2161 8 597
2161 8 672
2161 10 415
2161 14 581
2164 4 166
2164 4 737
2164 7 1134
2166 3 143
2166 3 323
2166 16 1401
2166 17 698
2166 20 395
2166 20 514
2166 21 471
2166 25 235
2166 26 199
2166 27 1490
2166 28 149
2167 2 334
2167 4 55
2167 5 596
2168 6 91
2168 7 636
2168 9 1454
2168 10 289
2168 11 881
2168 13 218
2168 13 1334
2168 14 251
2168 17 570
2168 17 922
2168 17 954
2168 17 1015
2168 18 880
2168 20 763
2168 22 516
2168 28 873
2168 29 588
2168 30 1101
2168 31 451
2168 31 847
2168 35 11
2168 35 1377
2168 36 268
2168 38 485
2168 40 892
2168 42 27
2168 42 407
2168 42 1294
2168 45 486
2168 46 322
2168 47 1274
2169 2 873
2169 5 820
2169 7 351
2169 7 1095
2169 9 664
2169 10 605
2169 10 1102
2169 13 904
2169 16 675
2169 16 1395
2169 21 390
2169 24 1271
2169 26 194
2169 28 1172
2169 29 374
2169 29 834
2169 31 969
2169 35 222
2169 35 1112
2169 37 746
2169 40 982
2169 40 1028
2169 42 223
2169 44 160
2169 44 888
2169 46 437
2179 2 249
2179 4 987
2179 8 843
2179 10 61
2179 10 966
2179 11 345
2179 12 1442
2179 16 187
2179 17 291
2179 18 183
2179 25 139
2179 26 1394
2179 26 1454
2179 28 53
2179 31 348
2179 31 718
2179 32 1028
2182 1 1481
2182 2 818
2182 3 183
2182 6 375
2183 1 693
2183 1 1341
2183 2 1149
2183 4 694
2183 4 997
2183 5 880
2183 9 865
2184 2 1138
2184 3 637
2186 1 1454
2186 5 1103
2186 7 1302
2186 13 58
2186 15 321
2186 19 468
2186 22 903
2186 23 669
2186 24 465
2186 25 1009
2186 34 668
2186 35 1064
2189 2 770
2189 4 534
2189 4 1087
2189 6 1399
2189 7 644
2189 7 839
2189 14 1289
2189 18 204
2202 6 325
2202 6 471
2202 7 325
2202 11 859
2202 11 1227
2202 13 327
2202 13 748
2202 14 237
2202 16 759
2202 17 1335
2202 19 853
2202 19 1201
2202 20 1179
2202 23 1226
2202 25 286
2202 26 666
2202 26 1098
2202 27 201
2202 27 387
2202 27 803
2202 29 1399
2202 31 657
2202 32 454
2202 33 321
2202 34 1048
2202 35 1122
2203 1 937
2203 2 570
2203 3 125
2203 4 59
2203 6 881
2203 6 1208
2203 7 295
2203 8 1448
2203 10 899
2203 11 1475
2203 14 877
2203 18 893
2203 20 841
2203 20 961
2203 22 1151
2203 24 1038
2203 26 93
2203 27 276
2203 27 904
2203 33 1332
2203 34 381
2203 34 1123
2203 36 1269
2203 38 816
2203 39 867
2203 40 716
2203 41 29
2203 42 898
2203 47 1332
2204 4 1399
2204 9 665
2204 10 88
2204 10 1301
2204 11 453
2204 15 643
2204 18 375
2204 20 199
2204 20 1069
2204 21 251
2206 2 417
2206 4 521
2206 4 1114
2206 5 775
2208 5 1322
2208 10 1413
2208 11 1410
2208 14 1
2208 14 1220
2208 15 35
2218 2 831
2218 3 768
2218 3 1034
2218 3 1187
2218 4 826
2218 7 1061
2218 9 299
2218 10 137
2218 10 1284
2218 11 51
2218 13 791
2224 1 1003
2224 5 159
2224 6 120
2224 6 1088
2224 6 1295
2224 8 301
2224 8 538
2224 8 675
2224 8 1177
2224 9 770
2224 15 816
2224 16 83
2224 16 276
2224 16 1053
2224 22 1297
2224 24 329
2224 26 223
2224 27 892
2224 29 1173
2227 2 131
2227 8 377
2227 8 896
2228 1 93
2228 2 576
2228 3 79
2228 5 27
2228 8 186
2229 2 182
2229 2 1190
2229 8 145
2229 9 181
2229 9 1232
2229 10 1285
2229 11 1294
2229 14 1260
2229 16 831
2229 20 1304
2229 22 317
2229 22 698
2229 22 930
2229 23 814
2229 25 1199
2229 25 1363
2229 27 592
2229 27 1080
2229 29 462
2229 35 1365
2229 36 1336
2229 37 443
2229 38 439
2229 38 981
2229 39 1398
2229 42 591
2229 43 62
2229 44 311
2229 44 515
2229 47 151
2229 47 626
2230 1 402
2230 2 791
2230 2 1409
2230 6 445
2230 6 1266
2230 7 24
2230 7 550
2230 7 1105
2230 12 842
2230 13 1435
2230 14 90
2230 14 208
2230 14 743
2230 15 203
2230 16 28
2230 16 261
2230 16 670
2230 17 967
2230 17 1477
2230 19 339
2230 19 1192
2231 4 1499
2231 6 634
2231 6 836
2231 7 763
2231 8 1182
2231 9 1022
2231 9 1265
2231 12 48
2232 1 904
2232 4 111
2232 5 1042
2232 6 966
2232 11 1199
2232 14 1360
2232 23 650
2232 25 413
2232 29 887
2232 30 257
2232 31 37
2232 33 448
2232 33 1438
2232 34 11
2232 34 666
2232 34 954
2232 34 1118
2232 36 190
2232 39 91
2232 39 857
2232 40 808
2232 45 501
2232 45 1229
2232 46 107
2232 46 1493
2232 47 989
2232 47 1282
2232 48 1369
2233 1 261
2233 3 1087
2233 6 591
2233 7 150
2239 3 562
2239 5 454
2243 3 960
2243 9 890
2243 10 965
2243 12 701
2243 14 769
2243 18 57
2243 21 673
2243 22 924
2243 31 1499
2243 37 113
2245 2 1365
2245 3 760
2245 5 457
2245 5 694
2245 7 1097
2245 12 320
2245 14 766
2245 16 723
2245 20 690
2245 20 1049
2245 21 576
2245 23 548
2245 24 11
2245 30 589
2245 31 439
2245 33 377
2245 37 87
2251 3 50
2251 3 93
2251 4 288
2251 4 630
2251 4 904
2251 5 550
2251 6 141
2252 3 565
2252 4 16
2252 7 71
2252 8 121
2252 9 695
2252 12 920
2252 13 483
2252 17 456
2252 17 858
2252 19 1029
2252 23 289
2252 23 887
2252 26 151
2254 1 1247
2254 2 1314
2254 5 1386
2254 7 455
2254 7 835
2254 7 1035
2254 7 1167
2254 8 370
2254 11 658
2254 11 1481
2254 12 1
2254 12 91
2254 18 525
2254 19 1104
2254 20 1231
2254 23 965
2254 25 646
2254 25 1452
2254 27 141
2254 30 405
2254 32 525
2254 33 952
2254 34 425
2254 34 896
2254 36 387
2254 37 326
2254 37 689
2254 37 917
2254 38 1313
2254 41 1089
2254 42 139
2256 1 107
2258 1 1322
2258 3 301
2258 6 726
2258 7 808
2258 8 226
2258 11 1018
2258 15 1072
2258 17 489
2258 17 1136
2258 18 161
2258 18 755
2267 2 715
2267 6 137
2267 6 1129
2267 7 1469
2267 8 373
2267 9 937
2267 13 1382
2267 14 397
2267 17 1479
2267 18 704
2267 19 1479
2267 20 1005
2267 30 1010
2267 34 554
2267 34 1294
2267 37 621
2267 38 114
2267 39 243
2267 40 476
2267 43 990
2267 44 1095
2267 45 201
2267 45 333
2267 47 155
2267 47 504
2267 48 304
2268 3 845
2268 4 464
2268 5 1022
2269 1 1080
2269 2 224
2269 2 1085
2269 4 698
2269 9 990
2269 12 139
2269 13 1127
2269 13 1128
2269 15 793
2269 15 1083
2269 17 891
2269 21 199
2269 21 374
2269 23 164
2269 27 590
2269 30 1176
2269 31 1325
2269 32 1147
2269 34 1039
2269 34 1121
2269 39 1462
2269 41 1385
2269 42 377
2269 45 1051
2269 46 753
2269 47 1165
2269 48 1218
2270 1 53
2270 2 855
2270 4 47
2270 4 203
2270 10 1477
2270 11 1030
2270 12 419
2270 14 300
2270 14 1124
2270 14 1419
2270 16 1091
2271 5 191
2271 7 307
2272 3 47
2272 3 56
2272 17 668
2272 19 337
2272 19 505
2272 20 377
2280 2 557
2280 3 1451
2280 5 85
2280 7 1478
2280 10 622
2280 12 267
2280 12 1029
2280 13 225
2280 17 38
2280 17 479
2280 18 899
2280 18 1112
2280 19 1287
2280 24 20
2280 24 615
2280 28 362
2280 30 1203
2280 32 173
2280 33 1071
2280 35 1061
2280 35 1472
2280 36 1415
2280 40 1244
2281 1 906
2281 3 104
2281 3 1243
2281 4 560
2281 5 222
2281 6 715
2281 7 936
2281 8 836
2281 11 1181
2281 12 1218
2281 19 957
2281 21 654
2281 24 30
2281 24 567
2281 25 785
2281 25 1209
2281 26 1420
2281 29 340
2281 29 1408
2281 30 554
2281 31 69
2281 33 41
2281 35 980
2281 37 321
2281 40 1349
2281 41 469
2281 42 690
2281 42 1034
2281 42 1352
2281 43 327
2281 44 765
2281 44 1438
2281 48 787
2282 1 619
2282 3 1034
2282 4 86
2282 6 868
2282 7 371
2282 8 121
2282 8 1440
2282 9 925
2282 10 1352
2282 12 1237
2282 13 35
2282 16 868
2282 18 721
2282 19 527
2282 19 930
2282 19 1164
2282 20 827
2282 21 1065
2282 22 509
2282 25 775
2282 25 1460
2282 28 1422
2282 29 639
2282 31 1146
2282 32 571
2282 32 1179
2282 33 1171
2282 41 775
2282 48 1312
2283 2 1095
2283 5 833
2283 5 1306
2283 6 262
2283 6 1292
2283 6 1300
2283 7 33
2283 7 314
2283 8 308
2283 8 1470
2283 9 387
2283 15 876
2283 16 384
2283 17 423
2283 19 1282
2283 20 668
2283 20 1434
2283 21 28
2283 23 121
2283 23 393
2283 23 1039
2283 24 53
2283 24 434
2283 25 27
2283 25 344
2283 25 1071
2283 26 1428
2283 29 1027
2283 31 680
2283 32 1178
2283 34 161
2283 35 1390
2283 38 1368
2283 38 1450
2283 40 327
2283 40 1413
2283 42 533
2283 43 67
2283 43 1249
2283 45 735
2283 45 1204
2284 3 216
2284 3 545
2284 6 115
2284 11 566
2284 11 919
2284 13 580
2284 14 1237
2284 16 489
2284 16 1045
2284 16 1284
2284 17 379
2284 18 123
2284 19 686
2285 1 1238
2291 1 1424
2291 2 869
2291 3 1094
2291 5 740
2291 6 871
2291 7 341
2291 8 7
2291 9 932
2291 9 1069
2291 14 135
2291 18 708
2291 21 1027
2291 22 1385
2291 27 317
2291 27 342
2291 28 7
2291 30 1115
2294 5 1144
2294 5 1176
2294 7 647
2294 7 887
2295 1 217
2295 1 1043
2295 3 313
2296 2 717
2297 1 586
2299 4 1296
2299 15 943
2299 19 980
2300 1 241
2300 1 879
2300 1 1188
2300 7 206
2300 10 94
2300 13 722
2300 14 865
2300 16 27
2300 17 447
2300 19 195
2300 21 872
2300 21 1182
2300 23 1045
2300 24 1006
2300 25 1315
2300 28 659
2300 29 1498
2300 32 1253
2300 34 706
2300 37 629
2300 38 1134
2300 39 937
2300 44 543
2300 44 802
2300 44 1267
2300 47 914
2300 48 135
2301 2 1287
2301 3 729
2301 4 341
2301 4 1311
2301 5 250
2301 5 1373
2301 7 1453
2301 9 1445
2301 14 63
2301 15 960
2301 20 787
2301 21 98
2301 23 1357
2301 24 211
2301 25 918
2302 2 898
2302 3 738
2302 7 838
2302 9 200
2302 10 73
2302 13 1159
2302 14 800
2302 16 167
2302 16 1393
2302 16 1459
2310 3 1458
2310 4 1249
2310 5 804
2310 6 666
2310 8 519
2310 8 1328
2310 9 800
2310 11 835
2310 13 186
2310 14 1051
2310 18 405
2310 22 469
2310 22 757
2310 23 171
2310 24 969
2313 2 19
2313 2 361
2313 4 792
2313 6 986
2313 6 1383
2313 7 1183
2313 13 399
2313 14 413
2313 21 93
2313 23 459
2313 26 282
2313 26 735
2316 1 142
2316 2 474
2316 2 1369
2316 5 715
2316 5 979
2316 7 606
2316 7 916
2316 9 331
2316 12 545
2316 14 161
2316 18 896
2316 20 1004
2316 22 610
2316 22 1219
2316 25 945
2316 26 638
2316 27 666
2316 32 509
2316 33 507
2316 34 85
2316 37 77
2316 42 458
2316 42 618
2316 43 1467
2316 46 1306
2316 48 718
2316 48 1256
2317 1 1146
2317 1 1329
2317 2 814
2317 3 706
2317 4 409
2317 7 941
2317 9 330
2317 9 1054
2317 9 1312
2317 10 1006
2317 12 262
2317 12 715
2317 14 890
2317 14 1335
2317 15 121
2317 15 812
2317 16 203
2317 16 415
2317 17 1420
2323 1 55
2323 2 183
2323 4 201
2323 5 28
2323 6 1485
2323 7 1193
2323 11 1403
2323 15 1393
2323 19 1023
2323 19 1129
2323 20 1299
2323 25 1370
2323 28 1400
2323 33 431
2323 34 244
2323 35 98
2323 35 210
2323 37 347
2323 39 1448
2323 41 848
2323 45 1007
2323 46 19
2323 48 650
2324 1 664
2324 3 330
2324 3 972
2324 4 955
2324 9 347
2324 11 663
2324 12 559
2324 13 540
2324 13 1058
2324 14 423
2324 14 1143
2324 14 1270
2324 21 283
2324 21 1036
2324 22 590
2324 23 10
2324 24 749
2324 26 1000
2324 28 380
2324 28 1055
2324 29 482
2324 33 615
2324 35 556
2324 35 952
2324 35 1396
2324 41 277
2324 41 392
2324 43 902
2324 47 1259
2324 48 935
2324 48 1272
2325 4 627
2325 6 114
2325 6 444
2325 7 1190
2325 7 1429
2331 2 159
2331 2 188
2334 4 1357
2334 5 1045
2334 9 674
2334 10 266
2334 11 970
2334 12 388
2334 12 924
2334 20 1074
2334 20 1083
2334 21 451
2334 24 860
2334 26 530
2334 27 860
2334 29 542
2334 29 1143
2334 30 536
2334 30 1010
2334 36 157
2334 39 1047
2334 41 425
2334 41 679
2334 44 1421
2334 47 930
2334 48 62
2334 48 979
2335 2 920
2335 2 1244
2335 6 1457
2335 7 129
2343 1 855
2343 2 675
2343 2 771
2343 2 863
2343 3 334
2343 3 794
2343 4 133
2343 5 1288
2343 5 1342
2343 9 1083
2343 9 1417
2343 11 971
2343 15 145
2343 16 737
2343 18 1327
2343 21 811
2349 5 1498
2349 6 833
2349 7 657
2349 7 1089
2349 8 695
2349 8 1047
2349 10 443
2349 11 1037
2349 12 59
2349 12 1171
2349 14 215
2349 16 564
2349 16 806
2349 16 867
2349 17 75
2349 17 656
2349 18 435
2349 20 882
2349 21 1152
2349 22 1031
2349 22 1353
2349 23 1297
2349 26 1481
2349 29 400
2349 30 902
2349 34 439
2349 35 660
2349 36 758
2349 36 1248
2349 37 443
2349 40 299
2349 40 304
2349 41 1138
2349 42 1457
2349 43 902
2349 44 135
2349 45 1111
2349 47 844
2350 2 187
2350 3 134
2350 3 541
2350 3 1019
2350 4 1447
2350 5 397
2350 5 601
2350 8 773
2350 9 311
2350 10 1292
2352 1 552
2352 1 1406
2352 2 223
2352 3 927
2352 4 944
2352 4 1483
2352 5 761
2355 1 407
2355 3 531
2355 7 1017
2355 7 1086
2355 7 1133
2355 8 1047
2355 13 347
2355 14 429
2355 14 1464
2355 20 1301
2355 23 1113
2355 25 398
2355 25 453
2355 25 1132
2355 26 1
2355 27 350
2355 29 304
2355 29 1418
2355 32 79
2355 35 325
2355 36 5
2355 38 982
2355 38 1078
2355 39 48
2355 40 608
2355 44 1254
2355 47 634
2355 47 1021
2356 3 929
2356 3 1183
2356 7 200
2356 7 733
2356 8 15
2356 8 452
2356 11 1070
2356 14 727
2356 15 869
2356 16 1152
2356 17 198
2356 18 764
2356 20 466
2359 1 745
2359 2 1197
2359 3 720
2359 4 421
2359 4 800
2359 5 221
2359 6 101
2359 7 956
2359 8 533
2359 8 896
2359 9 636
2359 11 895
2360 1 435
2360 2 141
2360 2 1218
2360 6 145
2360 6 249
2360 6 1403
2360 8 15
2360 12 1129
2360 13 367
2360 13 1052
2360 16 861
2360 20 417
2360 20 759
2360 22 869
2364 2 273
2365 3 82
2365 3 663
2365 6 901
2365 6 1409
2365 9 227
2365 9 767
2365 11 321
2365 11 750
2365 12 616
2365 12 963
2365 13 1336
2365 14 276
2365 14 418
2365 15 404
2365 16 41
2365 17 1488
2366 2 1431
2366 4 753
2366 4 1087
2366 5 897
2366 5 1173
2366 6 597
2366 8 112
2366 17 471
2366 19 229
2366 20 651
2366 22 1229
2366 24 1295
2366 28 195
2366 28 1179
2366 28 1346
2366 30 279
2366 30 803
2366 33 144
2366 33 304
2366 35 747
2366 37 1301
2366 38 1458
2366 44 327
2367 1 1335
2367 4 140
2367 4 488
2367 7 936
2367 7 1139
2367 10 331
2367 10 1352
2367 11 503
2367 11 1369
2367 12 917
2367 13 229
2367 13 1199
2367 15 537
2367 17 817
2367 17 818
2367 17 1403
2367 19 639
2367 19 1387
2367 24 691
2367 24 898
2367 27 1223
2367 33 230
2367 33 461
2367 35 1205
2367 35 1264
2367 43 53
2367 43 75
2367 46 930
2367 46 1265
2367 47 729
2367 48 895
2368 1 257
2368 1 1048
2368 3 1327
2368 10 71
2368 14 1335
2369 3 149
2369 4 751
2369 6 465
2369 6 1309
2369 8 252
2369 8 293
2369 8 423
2369 8 1175
2369 8 1307
2369 9 166
2369 10 757
2369 11 211
2369 11 392
2369 14 1444
2369 15 447
2369 16 1290
2369 22 292
2369 22 620
2369 24 171
2369 24 1215
2369 26 1183
2369 29 330
2369 30 750
2369 33 705
2369 33 1341
2369 37 23
2369 37 125
2369 37 1387
2369 39 370
2369 39 591
2371 1 996
2371 4 1414
2371 5 1233
2371 6 181
2371 6 1010
2371 7 817
2371 7 1233
2371 12 956
2371 17 1126
2371 18 62
2371 19 720
2371 21 661
2371 24 1075
2371 27 388
2371 29 121
2371 29 1160
2371 32 669
2371 35 1023
2371 36 868
2371 37 1215
2371 39 759
2371 41 988
2371 48 630
2371 50 379
2371 51 338
2371 57 757
2371 57 939
2371 57 1349
2372 1 903
2372 2 277
2372 3 116
2372 3 1441
2372 4 1198
2375 1 612
2375 1 764
2375 6 1317
2375 8 864
2375 9 239
2375 11 282
2375 11 996
2375 12 1308
2375 13 1340
2375 14 1361
2375 16 582
2375 16 965
2375 17 103
2375 18 21
2375 18 145
2375 18 553
2375 19 662
2375 21 563
2375 23 863
2375 24 451
2375 24 541
2375 24 937
2375 26 473
2375 26 487
2376 2 504
2376 2 1063
2376 2 1115
2376 4 879
2376 5 778
2376 6 1365
2376 9 193
2376 9 194
2377 1 485
2377 3 1189
2377 3 1349
2377 4 1003
2377 5 610
2377 5 617
2377 5 780
2377 7 760
2377 11 1376
2377 14 843
2377 15 874
2377 17 98
2377 17 1360
2377 22 66
2377 22 1074
2377 22 1187
2377 25 1472
2377 26 230
2377 26 879
2377 26 1459
2377 29 497
2377 33 1197
2377 38 1204
2377 39 847
2377 43 966
2377 44 666
2377 47 274
2378 2 491
2378 2 918
2378 3 888
2378 4 125
2378 4 145
2378 4 777
2378 5 299
2378 8 1153
2378 10 932
2378 10 1450
2378 13 846
2378 20 517
2378 23 982
2378 24 217
2378 24 767
2378 25 119
2378 26 343
2378 27 326
2378 27 543
2379 1 459
2379 3 877
2379 5 734
2379 5 1427
2379 6 1011
2379 7 481
2379 8 321
2379 8 739
2379 9 1275
2379 11 1279
2379 12 34
2379 13 1345
2379 14 217
2379 14 1226
2379 17 31
2379 17 400
2379 17 1020
2379 18 138
2379 18 274
2379 21 932
2379 22 485
2379 23 717
2379 26 390
2379 28 488
2379 28 898
2379 35 79
2379 35 634
2379 40 997
2379 43 1188
2379 43 1190
2380 3 11
2380 9 601
2383 1 1405
2383 5 235
2385 2 959
2385 3 881
2385 4 135
2385 5 1144
2385 6 359
2385 7 1133
2385 9 1410
2385 10 704
2385 13 1179
2385 14 651
2385 15 1310
2385 16 785
2385 17 231
2385 19 1179
2385 22 975
2385 25 794
2385 33 868
2385 34 1499
2385 35 1109
2385 36 287
2385 39 1129
2388 2 947
2388 4 393
2388 4 410
2389 10 203
2389 15 125
2389 18 617
2389 19 1400
2389 20 135
2389 22 213
2389 25 121
2389 25 1079
2389 27 14
2391 5 963
2391 8 93
2391 9 680
2391 9 1359
2391 13 155
2391 13 881
2391 16 48
2391 20 153
2391 24 1114
2391 25 898
2391 26 1159
2391 28 41
2391 35 860
2391 36 922
2391 38 215
2391 39 676
2391 40 145
2391 40 1336
2391 45 1442
2391 46 1475
2391 48 1469
2393 1 749
2393 5 127
2394 2 1449
2394 5 668
2394 5 893
2394 7 1068
2394 8 1124
2394 10 434
2394 10 1146
2394 11 209
2394 12 1155
2394 13 495
2394 13 1429
2394 18 815
2394 20 1068
2394 34 721
2394 35 409
2394 36 103
2394 38 832
2394 39 1025
2394 40 301
2394 41 828
2394 42 868
2394 42 1497
2394 46 1228
2394 48 217
2395 2 265
2395 5 248
2395 6 165
2395 6 1264
2395 13 1124
2395 13 1137
2395 14 398
2395 15 1413
2395 16 1278
2395 19 649
2397 2 259
2397 3 53
2397 8 805
2397 13 795
2397 14 315
3527 12 379
3527 13 437
3527 17 694
3527 19 268
3527 21 1
3527 21 608
3527 27 623
3527 49 421
3527 52 22
3527 61 476
3527 61 492
3527 63 559
3528 3 419
3528 4 653
3528 13 43
3528 13 121
3528 15 115
3528 16 185
3528 23 433
3528 26 217
3528 26 563
3528 30 157
3528 36 375
3528 47 421
3528 49 43
3528 49 321
3528 55 359
3528 57 150
3528 58 528
3528 59 78
3528 60 251
3528 62 346
3528 63 674
3529 1 547
3529 1 971
3529 5 187
3529 10 89
3529 13 693
3529 21 72
3529 21 551
3529 22 363
3529 24 514
3529 25 685
3529 26 229
3529 28 426
3529 30 240
3529 31 29
3529 31 649
3529 39 31
3529 43 277
3529 44 599
3529 51 338
3529 52 102
3529 58 503
3529 59 554
3529 61 164
3530 6 49
3530 10 619
3530 11 653
3530 17 195
3530 19 354
3530 20 98
3530 21 120
3530 21 612
3530 23 40
3530 25 597
3530 27 440
3530 29 636
3530 36 689
3530 42 423
3530 44 343
3530 45 623
3530 51 159
3530 52 13
3530 56 292
3530 58 320
3530 63 99
3531 1 77
3531 16 195
3531 20 252
3531 21 119
3531 26 379
3531 30 347
3531 32 606
3531 37 523
3531 46 613
3531 54 567
3531 56 86
3531 57 455
3531 63 118
3531 63 489
3531 63 650
3532 2 157
3532 4 509
3532 13 525
3532 15 73
3532 19 93
3532 20 149
3532 20 605
3532 24 238
3532 24 606
3532 24 654
3532 25 24
3532 25 375
3535 2 265
3535 4 405
3535 13 489
3535 22 117
3535 23 495
3535 24 100
3535 25 472
3535 26 664
3535 29 31
3535 33 685
3535 45 317
3535 50 700
3535 53 482
3535 61 241
3535 61 243
3536 2 485
3536 4 693
3536 5 555
3536 11 551
3536 19 641
3536 22 12
3536 22 680
3536 28 238
3536 28 357
3536 29 213
3536 33 745
3536 37 163
3536 40 647
3536 43 373
3536 48 363
3536 49 245
3536 49 296
3536 50 554
3536 56 334
3536 57 652
3537 4 119
3537 22 483
3537 28 233
3537 33 347
3537 43 511
3537 46 249
3537 47 427
3537 47 667
3537 49 551
3537 52 316
3537 59 665
3537 63 329
3537 64 1
3537 66 237
3537 68 555
3537 73 281
3537 73 542
3537 79 696
3537 80 468
3537 82 638
3537 86 168
3538 9 457
3538 15 623
3538 16 587
3538 17 176
3538 18 565
3538 23 370
3539 1 407
3539 4 9
3539 6 545
3539 18 59
3539 20 334
3539 20 373
3539 22 644
3539 23 630
3539 33 173
3539 35 901
3539 36 319
3539 36 473
3539 43 291
3539 55 299
3539 56 155
3540 5 661
3540 15 479
3540 17 254
3540 18 83
3540 22 77
3540 26 367
3540 27 692
3540 33 317
3540 33 1381
3540 48 339
3540 50 132
3540 50 353
3540 53 345
3540 61 346
3540 62 149
3540 63 33
3541 3 89
3541 9 161
3541 9 347
3541 11 441
3541 15 363
3541 15 557
3541 17 375
3541 21 291
3541 22 260
3541 29 102
3541 29 569
3541 31 242
3541 36 257
3541 38 233
3541 46 103
3541 49 398
3542 1 953
3542 2 21
3542 13 437
3542 21 489
3542 24 72
3542 25 177
3542 26 236
3542 38 345
3542 38 601
3542 50 579
3542 51 611
3542 52 326
3542 55 615
3543 29 430
3543 35 545
3543 45 411
3543 48 213
3543 51 627
3543 52 75
3543 54 54
3543 59 113
3543 59 157
3543 61 8
3543 62 156
3543 62 686
3543 63 469
3543 64 382
3544 3 587
3544 11 239
3544 19 170
3544 19 480
3544 21 585
3544 22 511
3544 25 344
3545 7 651
3545 8 491
3545 18 215
3545 19 350
3545 27 584
3545 32 564
3545 33 1205
3545 36 107
3545 53 502
3545 53 690
3548 1 619
3548 1 1389
3548 2 207
3548 11 85
3548 20 672
3548 21 116
3548 21 183
3548 23 243
3548 24 644
3548 26 641
3548 28 20
3548 28 630
3548 32 178
3548 33 915
3548 33 1241
3548 33 1387
3548 37 585
3548 53 257
3548 54 364
3548 59 361
3548 63 615
3548 69 57
3548 69 269
3548 71 331
3548 75 168
3548 77 519
3548 79 569
3548 80 485
3548 82 422
3548 83 621
3548 84 462
3548 86 299
3548 88 1
3548 89 529
3548 90 209
3548 90 827
3548 92 319
3548 94 15
3548 94 369
3548 98 637
3548 116 425
3548 116 553
3548 117 584
3548 120 312
3549 2 199
3549 2 371
3549 3 647
3549 6 657
3549 8 171
3549 24 150
3549 29 540
3549 30 381
3549 32 112
3549 32 314
3549 32 383
3549 39 263
3549 43 191
3549 56 43
3549 56 175
3549 60 40
3549 61 8
3550 1 313
3550 1 1485
3550 6 555
3550 8 359
3550 13 231
3550 17 147
3550 18 635
3550 23 689
3550 24 336
3550 24 681
3550 27 48
3550 27 242
3550 32 386
3550 32 571
3550 41 495
3550 42 383
3550 48 301
3550 51 370
3550 51 406
3550 53 388
3550 54 322
3550 54 657
3551 3 511
3551 6 15
3551 18 573
3551 21 35
3553 1 1273
3553 6 439
3553 12 465
3553 18 211
3553 19 481
3553 30 415
3553 30 589
3553 34 601
3553 41 359
3553 43 531
3553 47 532
3553 48 360
3553 52 470
3553 55 107
3553 58 39
3553 58 493
3553 60 309
3553 71 454
3553 72 235
3553 72 439
3553 76 77
3553 77 519
3553 79 663
3553 82 485
3553 83 587
3554 1 207
3554 9 467
3554 14 445
3554 16 39
3554 18 662
3554 19 149
3554 21 102
3554 25 106
3554 29 82
3554 33 509
3554 35 253
3554 38 185
3554 39 631
3554 39 655
3554 44 251
3554 45 343
3554 45 347
3554 45 433
3554 50 8
3554 51 72
3554 51 460
3554 52 158
3554 60 268
3554 63 689
3555 3 257
3555 3 347
3555 3 395
3555 9 343
3555 14 673
3555 16 133
3555 17 416
3555 18 370
3555 22 184
3555 22 575
3555 26 289
3555 27 530
3555 28 1
3555 31 39
3555 31 418
3555 40 113
3555 48 327
3555 50 577
3555 55 118
3555 55 213
3555 58 404
3556 16 693
3556 19 545
3557 1 847
3557 5 615
3557 6 291
3557 14 405
3557 15 637
3557 19 110
3557 19 505
3557 21 489
3557 22 693
3557 33 151
3557 33 497
3557 39 547
3557 42 127
3557 43 565
3557 45 583
3557 54 480
3557 57 486
3557 62 520
3558 1 151
3558 1 1185
3558 3 363
3558 4 501
3558 7 179
3558 15 551
3558 17 280
3558 17 433
3558 19 492
3558 21 41
3558 21 419
3558 21 462
3558 24 165
3558 33 573
3558 39 191
3558 42 15
3558 42 119
3558 46 698
3559 2 45
3559 3 483
3559 5 399
3559 8 479
3559 8 639
3559 15 457
3559 17 200
3559 18 311
3559 18 491
3559 21 344
3559 22 210
3559 25 69
3559 26 486
3559 27 99
3559 27 581
3559 28 200
3559 29 404
3560 5 267
3560 8 129
3560 12 65
3560 15 111
3560 19 241
3560 20 214
3560 20 382
3560 24 106
3560 31 72
3560 31 212
3560 36 293
3560 37 359
3560 43 445
3560 64 63
3560 68 612
3560 70 280
3560 76 212
3560 78 156
3560 81 29
3560 94 65
3560 103 251
3560 106 314
3560 109 469
3560 118 121
3560 121 411
3560 129 347
3560 140 210
3560 145 481
3560 154 139
3560 158 697
3560 159 549
3560 164 243
3560 164 421
3560 168 533
3560 170 251
3560 171 77
3560 172 477
3560 172 545
3560 175 365
3560 176 488
3561 6 9
3561 7 535
3561 17 388
3561 19 20
3561 20 349
3561 28 597
3561 31 97
3561 42 1
3561 42 655
3561 43 263
3561 51 45
3561 54 297
3561 56 182
3561 57 15
3561 60 371
3561 61 378
3561 62 513
3561 64 274
3562 9 271
3562 10 15
3562 17 3
3562 18 108
3562 18 317
3562 19 277
3562 22 703
3562 27 601
3562 59 38
3562 61 161
3562 61 317
3562 61 505
3562 63 521
3562 65 497
3562 65 506
3562 65 677
3562 67 523
3562 69 112
3567 8 301
3567 9 535
3567 11 373
3567 17 254
3568 2 513
3568 10 397
3568 13 457
3568 16 507
3568 18 17
3568 22 17
3568 27 425
3568 28 478
3568 29 421
3568 30 68
3568 32 234
3568 46 683
3569 1 1327
3569 1 1341
3569 2 13
3570 2 119
3570 6 693
3570 8 107
3570 17 288
3570 17 462
3570 19 200
3570 20 49
3570 20 175
3570 20 372
3573 3 169
3573 4 319
3573 6 69
3573 11 129
3573 11 243
3575 3 21
3575 3 271
3575 4 635
3575 13 401
3575 18 264
3575 19 254
3575 22 466
3575 23 98
3575 25 508
3575 27 1
3575 27 184
3575 27 697
3575 28 626
3575 29 615
3575 34 263
3575 46 599
3575 50 267
3575 52 344
3575 58 370
3575 59 211
3575 61 519
3576 1 983
3576 1 1165
3576 4 371
3576 16 69
3576 19 347
3576 22 193
3576 23 460
3576 28 320
3576 28 598
3576 28 641
3576 29 490
3576 29 657
3576 31 43
3576 33 959
3576 34 509
3576 38 225
3576 38 447
3576 38 541
3576 39 341
3576 50 320
3576 50 576
3576 50 595
3576 53 445
3576 53 476
3576 54 152
3576 59 327
3576 61 670
3577 2 45
3577 3 251
3577 4 519
3579 66 194
3581 16 351
3581 17 280
3581 20 585
3581 21 518
3581 26 467
3581 27 426
3581 29 457
3581 32 43
3581 32 538
3581 36 11
3581 45 545
3581 50 218
3581 52 565
3581 53 177
3581 53 179
3581 56 642
3581 58 554
3581 62 256
3581 64 477
3584 10 19
3584 10 175
3584 13 4
3584 18 259
3584 25 101
3584 29 365
3584 38 481
3584 39 147
3584 45 291
3584 49 216
3584 50 389
3584 57 276
3584 58 338
3584 60 548
3584 62 350
3584 62 398
3585 10 47
3585 10 497
3585 16 569
3585 17 319
3585 17 489
3585 19 161
3585 22 60
3585 30 374
3585 36 177
3585 38 25
3585 38 81
3585 40 223
3585 40 271
3585 40 373
3585 50 573
3585 52 584
3585 52 607
3585 59 641
3585 60 221
3585 62 285
3585 62 510
3585 63 323
3585 64 672
3586 2 35
3586 11 9
3586 17 262
3586 19 392
3586 20 73
3586 23 672
3586 27 296
3586 28 5
3586 30 122
3586 31 176
3586 33 633
3586 54 111
3586 60 43
3588 2 531
3588 3 519
3588 5 83
3588 8 383
3588 10 593
3588 18 607
3588 20 75
3588 26 199
3588 28 636
3588 29 412
3588 30 132
3588 30 669
3588 37 133
3588 44 199
3588 49 438
3588 51 688
3588 54 188
3588 56 50
3588 59 476
3588 60 577
3589 2 477
3589 5 669
3589 10 527
3589 14 1
3589 15 43
3589 17 435
3591 4 601
3591 19 90
3591 21 629
3591 22 612
3591 23 411
3591 24 406
3591 26 519
3591 26 647
3591 28 358
3591 30 103
3591 34 221
3591 34 385
3591 41 37
3591 47 229
3591 47 687
3591 50 641
3591 52 197
3591 55 332
3596 1 653
3596 5 111
3596 11 117
3596 11 407
3596 14 3
3596 19 308
3596 23 284
3596 24 419
3596 25 635
3596 26 600
3596 28 241
3596 32 479
3596 33 915
3596 44 313
3596 44 1389
3596 49 195
3596 53 1237
3596 53 1269
3596 56 391
3596 57 661
3596 59 51
3597 3 401
3597 6 335
3597 18 476
3597 18 542
3597 23 443
3597 26 514
3597 28 246
3597 28 429
3597 29 468
3597 31 312
3597 32 568
3597 36 379
3597 37 411
3597 45 277
3597 49 34
3597 57 21
3597 61 177
3597 61 588
3597 62 135
3597 64 65
3598 10 601
3598 11 263
3598 17 649
3598 19 475
3598 42 663
3598 43 325
3598 49 380
3598 59 103
3598 60 448
3598 63 264
3599 1 613
3599 8 539
3599 15 521
3599 16 259
3599 19 509
3599 25 170
3599 31 621
3599 32 355
3599 33 573
3599 44 423
3599 49 550
3599 52 117
3599 56 290
3599 60 236
3599 63 219
3599 64 619
3600 2 45
3600 3 119
3600 8 519
3600 25 138
3600 26 502
3600 35 451
3600 38 583
3600 39 585
3600 43 57
3600 45 345
3600 51 77
3600 51 141
3600 54 258
3600 59 646
3600 62 98
3600 64 583
3601 4 415
3601 4 681
3601 10 347
3601 11 671
3601 13 373
3601 17 254
3601 17 514
3601 20 125
3601 23 188
3601 23 645
3601 25 237
3601 30 517
3601 30 645
3601 30 690
3601 31 479
3601 34 585
3601 45 637
3601 52 280
3601 54 91
3601 54 255
3601 55 626
3601 58 497
3601 60 57
3601 62 16
3601 63 43
3601 63 385
3602 1 213
3602 1 993
3602 1 1375
3602 6 273
3602 8 455
3602 8 557
3602 14 375
3602 18 275
3602 19 57
3602 19 166
3602 21 136
3602 23 280
3602 24 580
3602 24 646
3602 25 369
3602 31 339
3602 31 651
3602 36 471
3602 36 653
3602 38 229
3602 39 167
3602 43 463
3602 48 471
3602 49 445
3602 50 460
3602 51 561
3602 56 361
3602 57 216
3602 58 617
3602 59 138
3602 60 403
3602 61 355
3603 7 77
3603 7 321
3603 11 495
3603 18 135
3603 19 551
3603 24 487
3603 25 86
3603 26 274
3603 29 424
3603 32 64
3603 34 569
3603 36 599
3603 41 277
3603 49 323
3603 50 626
3603 51 609
3603 55 683
3603 56 593
3603 57 689
3603 61 1
3604 3 227
3604 12 501
3604 20 368
3604 20 630
3604 21 183
3604 21 396
3604 24 160
3604 25 238
3604 26 351
3604 29 677
3608 1 41
3608 4 141
3608 4 257
3608 8 29
3608 8 477
3608 11 473
3608 15 267
3608 18 282
3608 23 580
3608 25 86
3608 26 112
3608 26 603
3608 28 598
3608 30 690
3608 34 413
3608 36 543
3608 37 429
3608 41 47
3608 41 339
3608 50 17
3608 52 135
3608 52 367
3608 53 366
3608 54 507
3608 54 533
3608 58 330
3608 59 405
3608 60 38
3608 60 370
3608 61 63
3608 61 203
3608 62 271
3608 63 607
3608 64 399
3609 1 749
3609 2 65
3609 2 167
3609 5 115
3609 10 237
3609 23 25
3609 27 317
3609 31 597
3609 33 493
3609 37 607
3609 43 699
3609 44 309
3609 45 551
3609 48 487
3609 48 493
3609 49 627
3609 50 625
3612 1 717
3612 1 1323
3612 4 321
3612 4 451
3612 4 579
3612 15 529
3612 18 172
3612 19 149
3612 19 276
3614 1 1301
3614 6 177
3614 6 301
3614 12 107
3614 14 387
3614 18 41
3614 19 126
3614 22 92
3614 23 519
3614 25 5
3614 25 65
3614 26 561
3614 28 308
3614 29 620
3614 47 141
3614 47 351
3614 47 607
3614 51 604
3614 51 682
3614 52 162
3614 53 160
3614 54 57
3614 54 238
3614 56 386
3614 64 358
3624 13 91
3624 14 325
3624 15 625
3624 23 642
3624 27 264
3624 37 679
3624 46 91
3624 47 273
3625 4 97
3625 6 81
3625 8 371
3625 13 247
3625 14 503
3625 17 127
3625 17 498
3625 20 183
3625 26 82
3625 31 685
3625 41 51
3625 42 7
3625 50 432
3625 53 6
3625 54 552
3625 54 593
3625 55 168
3625 58 8
3625 62 195
3626 9 101
3626 11 369
3626 12 175
3626 17 670
3626 18 533
3626 18 626
3626 30 254
3626 31 211
3626 31 643
3626 32 4
3626 33 1057
3626 40 3
3626 46 433
3626 49 58
3626 52 250
3626 53 185
3626 53 521
3626 55 528
3626 57 339
3626 59 506
3626 59 530
3626 60 376
3626 60 599
3626 64 53
3627 4 7
3627 9 127
3627 9 595
3627 18 361
3627 44 471
3627 44 516
3627 47 636
3627 48 439
3627 56 51
3627 56 184
3627 57 78
3627 62 489
3627 64 315
3627 80 209
3627 83 518
3627 84 226
3628 7 239
3628 7 637
3628 8 331
3628 12 169
3628 13 521
3628 17 420
3628 26 598
3628 29 566
3628 31 95
3628 32 681
3628 37 1
3628 42 197
3628 42 331
3628 44 607
3628 51 60
3628 53 9
3628 62 408
3628 63 627
3628 64 194
3628 64 309
3629 2 77
3629 4 195
3629 19 684
3629 36 33
3629 45 261
3629 45 333
3629 52 45
3629 54 216
3629 54 642
3629 55 391
3629 56 642
3629 59 7
3629 59 614
3629 59 692
3629 61 206
3629 61 436
3630 4 135
3630 11 107
3630 15 295
3630 18 113
3630 24 77
3630 25 266
3630 32 247
3630 34 451
3630 45 413
3630 46 459
3630 47 483
3630 50 12
3630 54 632
3630 56 221
3630 56 459
3631 1 207
3631 6 73
3631 9 151
3631 10 353
3632 17 275
3632 18 373
3632 19 655
3632 23 365
3632 25 377
3632 29 481
3632 33 667
3632 46 641
3632 55 455
3632 56 349
3632 56 486
3632 59 370
3632 61 191
3632 64 393
3632 64 473
3633 6 649
3633 7 548
3633 10 181
3633 12 645
3633 14 269
3633 15 531
3633 15 633
3633 16 429
3633 17 185
3633 18 383
3633 38 461
3633 39 469
3633 50 60
3633 52 92
3633 60 1
3633 63 311
3634 1 749
3634 1 979
3634 2 523
3634 7 129
3634 17 635
3634 28 665
3634 30 325
3634 31 503
3634 35 323
3634 38 209
3634 52 195
3634 52 482
3634 57 34
3634 62 500
3634 64 649
3635 1 69
3635 3 601
3635 7 175
3635 7 345
3635 8 597
3635 18 138
3635 22 409
3635 22 421
3635 22 454
3635 26 57
3635 26 151
3635 27 180
3635 29 255
3635 30 47
3635 31 159
3635 31 223
3636 1 1081
3636 1 1109
3636 2 671
3636 3 487
3636 4 623
3636 16 655
3636 17 73
3636 17 418
3636 18 612
3636 19 590
3636 22 157
3636 22 213
3636 22 426
3636 24 99
3636 25 242
3636 29 113
3636 29 537
3636 29 586
3636 31 89
3636 32 142
3636 32 148
3636 33 443
3636 36 29
3636 41 213
3636 41 297
3636 42 691
3636 44 695
3636 45 587
3636 49 89
3636 55 100
3636 55 401
3636 58 309
3636 60 68
3636 64 532
3637 1 495
3637 1 749
3637 2 599
3637 10 563
3637 17 461
3637 19 602
3637 20 227
3637 20 665
3637 24 603
3637 27 38
3637 27 314
3637 30 344
3637 30 366
3637 32 362
3637 32 474
3637 36 429
3637 37 73
3637 38 295
3637 46 433
3637 51 542
3637 53 176
3637 57 101
3637 58 223
3637 60 394
3637 61 500
3637 62 22
3637 63 295
3637 64 340
3638 6 447
3638 9 491
3638 10 209
3638 17 544
3638 18 197
3638 20 10
3638 26 147
3638 33 335
3638 38 299
3638 39 325
3638 40 187
3638 41 449
3638 43 267
3638 43 271
3638 44 75
3638 53 70
3638 53 139
3638 53 424
3639 17 547
3639 20 252
3639 23 607
3639 27 398
3639 30 343
3639 31 380
3639 32 294
3639 33 259
3639 35 123
3639 39 7
3639 46 561
3639 49 335
3639 49 511
3639 50 119
3639 50 415
3639 56 218
3639 57 316
3639 59 501
3639 59 669
3641 14 643
3641 19 467
3641 23 562
3641 27 579
3641 28 126
3641 31 136
3641 31 438
3641 36 81
3641 40 239
3641 42 93
3641 44 65
3641 49 536
3641 50 296
3641 52 621
3641 53 329
3641 57 344
3641 62 645
3642 12 5
3642 17 300
3642 18 662
3642 21 436
3642 22 45
3642 23 389
3642 26 573
3642 27 535
3642 27 671
3642 29 120
3642 30 191
3642 30 687
3642 43 483
3642 44 595
3642 50 186
3642 58 54
3642 58 86
3642 58 680
3642 59 416
3642 62 416
3642 64 607
3643 3 281
3643 8 683
3643 14 205
3643 16 169
3643 25 157
3643 28 233
3643 28 254
3643 28 482
3643 28 484
3643 31 597
3643 32 268
3643 33 321
3643 36 589
3643 38 237
3643 40 45
3643 40 663
3643 41 699
3643 42 555
3643 43 569
3643 44 91
3643 46 521
3643 46 699
3643 48 389
3643 58 407
3643 59 223
3643 59 240
3643 60 90
3643 61 82
3643 64 336
3644 2 695
3644 3 85
3644 6 7
3644 17 415
3644 19 396
3644 20 555
3644 20 581
3644 21 109
3644 25 207
3644 27 381
3644 31 140
3644 36 263
3644 37 611
3644 40 435
3644 41 25
3644 45 413
3644 48 649
3644 49 163
3644 53 332
3644 53 539
3644 56 185
3646 1 769
3646 5 357
3646 7 629
3646 23 152
3646 24 518
3646 25 457
3646 26 79
3646 26 498
3646 27 167
3646 27 325
3646 27 519
3646 27 523
3646 30 443
3646 34 153
3646 34 501
3646 38 457
3646 38 595
3646 39 65
3646 42 235
3646 45 143
3646 47 539
3646 50 522
3646 51 47
3646 56 499
3646 59 217
3646 60 173
3646 62 643
3647 5 135
3647 7 115
3647 7 195
3647 12 149
3651 3 365
3651 3 661
3651 5 37
3651 5 579
3651 13 121
3651 15 87
3651 17 219
3651 18 384
3651 21 508
3651 24 655
3651 25 352
3651 27 62
3651 31 610
3651 32 416
3651 39 601
3651 40 43
3651 54 59
3651 57 118
3657 1 255
3657 3 569
3657 9 159
3657 20 288
3657 24 76
3657 24 365
3657 27 599
3657 28 336
3657 30 452
3657 30 678
3657 33 691
3657 33 1365
3657 34 423
3657 40 75
3657 53 621
3657 55 541
3657 56 276
3657 58 600
3657 61 366
3657 61 372
3657 64 431
3658 1 427
3658 13 143
3658 26 608
3658 27 663
3658 28 75
3658 32 133
3658 32 173
3658 33 875
3658 35 101
3658 37 207
3658 39 255
3658 40 355
3658 40 639
3658 41 157
3658 50 13
3658 54 287
3658 55 172
3658 55 593
3658 56 593
3658 57 458
3658 58 593
3658 60 365
3658 62 269
3658 62 513
3658 63 147
3659 2 167
3659 3 393
3659 6 547
3659 6 553
3659 7 429
3659 11 399
3659 15 295
3659 20 127
3659 20 505
3659 21 342
3659 22 350
3659 23 47
3659 25 413
3659 26 588
3659 31 278
3659 33 333
3659 42 11
3660 1 1089
3660 11 403
3660 19 241
3660 26 385
3660 35 571
3660 38 13
3660 42 171
3660 45 97
3660 46 337
3660 50 522
3660 52 53
3660 53 569
3660 53 698
3660 54 407
3660 56 183
3660 57 465
3660 59 385
3660 59 412
3660 61 431
3661 1 341
3661 2 175
3661 2 297
3661 3 485
3661 5 529
3661 9 625
3661 15 343
3661 16 607
3661 18 229
3661 19 235
3661 19 508
3661 20 665
3661 21 422
3661 22 601
3661 27 315
3661 28 98
3661 28 289
3661 32 683
3661 33 305
3661 33 825
3661 46 289
3661 47 221
3661 51 587
3661 58 472
3661 59 396
3661 62 14
3661 63 568
3661 63 608
3662 2 661
3662 5 243
3662 13 47
3662 18 532
3662 25 243
3662 26 265
3662 27 238
3662 27 489
3662 43 141
3662 45 403
3662 53 666
3662 54 479
3662 62 192
3662 64 657
3663 9 289
3663 11 127
3663 18 351
3663 18 432
3663 20 406
3663 23 111
3663 28 563
3663 30 65
3663 37 395
3663 39 495
3663 40 457
3663 45 677
3663 46 391
3663 47 143
3663 49 32
3663 51 38
3663 57 290
3663 57 579
3663 60 623
3663 61 380
3663 62 127
3663 63 480
3664 1 483
3664 1 527
3664 1 647
3664 4 191
3664 7 39
3664 8 689
3664 9 673
3664 14 53
3664 14 229
3664 15 519
3664 18 410
3664 20 91
3664 21 87
3664 24 4
3664 25 465
3664 30 533
3664 31 582
3664 38 385
3664 44 631
3664 47 209
3664 51 141
3664 52 91
3664 53 597
3664 56 133
3664 59 123
3664 61 397
3664 61 530
3664 62 56
3664 62 530
3665 1 153
3665 1 1153
3665 6 177
3665 10 673
3665 17 76
3665 24 372
3665 25 454
3665 27 506
3665 28 504
3665 29 145
3665 32 699
3665 36 135
3665 45 121
3665 47 311
3665 55 652
3665 56 80
3665 57 66
3665 59 494
3665 60 111
3665 61 79
3665 61 267
3665 63 497
3666 2 227
3666 13 103
3666 15 319
3666 17 63
3666 18 332
3666 19 344
3666 19 630
3666 25 392
3666 26 138
3666 29 190
3666 29 292
3666 31 202
3666 31 449
3666 34 253
3666 35 637
3666 37 485
3666 44 271
3666 45 195
3666 57 12
3666 57 217
3666 63 557
3666 64 165
3667 1 1095
3667 6 117
3667 17 259
3667 20 273
3667 21 250
3667 21 381
3667 22 113
3667 25 471
3667 28 542
3667 29 64
3667 31 11
3667 35 421
3667 46 91
3667 50 223
3667 52 260
3667 52 327
3667 52 477
3667 53 380
3667 59 538
3667 61 584
3667 62 399
3667 63 675
3668 15 243
3668 20 151
3668 20 152
3668 22 206
3668 23 82
3668 24 265
3668 29 489
3668 30 484
3668 30 584
3668 31 629
3668 32 448
3668 32 495
3668 34 247
3668 36 609
3668 43 7
3668 43 695
3668 44 61
3668 44 417
3668 44 659
3668 48 667
3668 49 385
3668 49 457
3668 50 196
3668 51 99
3668 53 23
3668 58 136
3668 58 393
3668 58 528
3668 62 563
3668 64 358
3669 1 117
3669 1 125
3669 1 1241
3669 2 25
3669 10 647
3669 19 264
3669 20 629
3669 24 433
3669 27 239
3669 27 561
3669 28 632
3669 29 438
3669 31 21
3669 31 422
3669 33 1223
3669 36 457
3669 49 679
3669 53 115
3669 53 505
3669 55 546
3669 57 374
3669 57 580
3669 58 432
3669 59 530
3670 8 655
3670 9 443
3670 16 467
3670 18 412
3670 20 620
3670 25 211
3670 25 602
3670 27 489
3670 29 303
3670 32 409
3670 34 617
3670 44 279
3670 56 266
3670 59 173
3670 60 653
3670 61 529
3670 61 581
3670 63 293
3671 2 669
3671 4 553
3671 5 75
3671 5 335
3671 16 319
3671 20 471
3671 25 193
3671 26 277
3671 26 646
3671 31 34
3671 31 315
3671 33 405
3671 34 649
3671 47 89
3671 48 163
3671 49 666
3671 50 593
3671 54 151
3671 64 451
3672 8 365
3672 13 199
3672 17 259
3672 17 262
3672 48 175
3672 49 334
3672 50 686
3672 53 457
3672 54 254
3672 57 600
3672 60 635
3672 61 126
3672 61 218
3673 1 1077
3673 5 565
3673 7 109
3673 7 473
3673 8 415
3673 14 329
3673 14 397
3673 15 401
3673 18 68
3673 19 695
3673 28 585
3673 32 17
3673 33 1363
3673 42 473
3673 43 363
3673 45 503
3673 52 331
3673 53 233
3674 1 157
3674 6 325
3674 13 169
3674 18 310
3674 24 234
3674 24 450
3674 28 19
3674 29 151
3674 30 323
3674 32 233
3677 19 205
3677 21 328
3677 22 211
3677 23 407
3677 24 229
3677 26 390
3677 27 404
3677 28 65
3677 32 614
3677 40 235
3677 52 83
3677 52 197
3677 52 355
3677 54 166
3677 55 429
3677 58 48
3677 58 455
3678 1 649
3678 3 562
3678 6 419
3678 11 181
3678 15 641
3678 24 502
3678 24 512
3678 24 584
3678 25 269
3678 29 683
3678 31 273
3678 32 162
3678 34 249
3678 37 149
3678 39 117
3678 55 140
3678 57 578
3678 62 381
3678 64 427
3678 64 624
3679 26 43
3679 26 294
3679 28 66
3679 31 507
3679 33 1297
3679 42 153
3679 49 689
3679 50 499
3679 61 310
3679 61 341
3679 62 240
3679 62 319
3679 64 71
3680 2 249
3680 3 53
3680 4 113
3680 4 605
3680 14 287
3680 16 425
3680 19 46
3680 22 388
3680 24 136
3680 28 464
3680 32 518
3680 33 1349
3680 39 667
3680 47 483
3680 50 231
3680 51 84
3680 54 292
3680 54 597
3680 54 655
3680 55 112
3680 62 334
3680 62 364
3681 5 515
3681 17 128
3681 22 201
3681 26 458
3681 29 202
3681 32 689
3681 41 505
3681 42 699
3681 43 497
3683 1 1175
3683 2 279
3683 17 190
3683 18 201
3683 21 637
3683 24 203
3683 26 184
3683 26 488
3687 4 427
3687 8 97
3687 18 167
3687 25 81
3687 30 539
3687 32 285
3687 38 191
3687 50 665
3687 52 7
3687 53 158
3687 56 250
3687 57 650
3687 59 104
3687 64 607
3688 17 600
3689 2 29
3689 4 383
3689 9 19
3689 16 245
3689 29 553
3689 32 466
3689 44 431
3689 49 74
3689 54 137
3689 56 600
3689 58 123
3691 6 645
3691 7 23
3691 7 143
3691 7 643
3694 3 697
3694 10 93
3694 12 659
3694 20 161
3694 22 293
3694 24 536
3694 27 452
3694 28 496
3694 30 185
3694 30 658
3694 33 175
3694 34 283
3694 46 471
3694 50 205
3694 54 591
3694 56 35
3694 59 176
3694 61 317
3694 68 501
3694 70 18
3695 1 1067
3695 15 155
3695 24 119
3695 27 14
3695 28 100
3695 28 125
3695 28 625
3695 41 225
3695 44 103
3695 46 23
3695 47 123
3695 49 124
3695 49 330
3695 51 138
3695 53 565
3695 54 376
3695 59 367
3695 62 260
3695 62 311
3696 7 81
3696 27 471
3696 30 441
3696 31 345
3696 32 309
3696 36 521
3696 40 255
3696 45 335
3696 47 199
3696 48 219
3696 50 565
3696 54 67
3696 54 333
3696 55 255
3696 55 375
3696 56 409
3696 57 173
3696 59 216
3697 2 291
3697 10 687
3697 17 575
3697 28 486
3697 29 439
3697 31 370
3697 42 111
3697 44 247
3697 49 296
3697 52 349
3697 54 115
3697 56 466
3699 5 169
3699 5 231
3699 27 327
3699 30 677
3699 33 133
3699 33 593
3699 37 109
3699 41 331
3699 42 403
3699 43 171
3706 8 247
3706 8 571
3706 10 113
3706 17 673
3706 19 163
3706 19 200
3706 24 11
3706 24 306
3706 24 610
3706 27 399
3706 29 75
3706 29 355
3706 30 495
3709 3 61
3709 4 567
3709 16 187
3709 17 114
3709 17 301
3709 18 516
3709 25 529
3709 27 182
3709 29 617
3709 32 400
3709 37 559
3709 38 517
3709 44 61
3709 52 30
3709 52 258
3709 53 333
3709 56 254
3714 1 699
3715 1 159
3715 1 825
3715 3 539
3715 4 651
3715 12 167
3716 1 1081
3717 3 637
3717 13 463
3717 25 540
3717 27 621
3717 28 124
3717 31 347
3717 32 60
3717 36 5
3717 37 177
3717 41 399
3717 43 515
3717 54 425
3717 55 132
3718 4 325
3718 7 497
3719 8 1401
3719 10 443
3719 11 249
3719 12 493
3719 30 316
3719 33 55
3719 33 364
3720 2 259
3720 6 477
3720 9 609
3720 14 673
3720 18 426
3720 28 685
3720 31 260
3720 31 487
3720 31 510
3720 47 659
3720 48 89
3720 52 306
3720 53 74
3720 57 221
3720 58 588
3720 59 433
3720 59 472
3720 61 621
3720 62 564
3720 63 70
3720 64 411
3721 2 121
3721 3 433
3721 19 16
3721 19 116
3721 19 118
3721 24 13
3721 26 18
3721 26 599
3721 28 520
3721 29 491
3721 30 377
3721 34 25
3721 42 291
3721 49 460
3721 50 483
3721 62 262
3721 64 498
3722 6 155
3722 20 222
3722 22 51
3722 22 415
3722 23 124
3722 25 255
3722 27 202
3722 29 239
3722 31 644
3722 34 337
3722 36 305
3722 38 101
3722 44 209
3722 53 336
3723 9 297
3723 11 21
3723 13 405
3723 16 227
3723 23 312
3723 25 543
3724 5 175
3724 7 25
3724 8 117
3724 11 387
3724 13 699
3724 18 63
3724 18 176
3724 19 58
3724 22 9
3724 24 82
3724 38 343
3724 39 425
3724 45 353
3724 46 465
3724 58 589
3724 60 146
3725 13 65
3725 19 670
3725 20 683
3725 21 588
3725 23 274
3725 25 12
3725 26 368
3725 28 261
3725 28 338
3725 32 336
3725 32 444
3725 41 389
3725 44 67
3725 46 314
3725 46 543
3727 5 421
3727 14 245
3727 19 531
3727 27 233
3727 28 99
3727 32 488
3727 34 553
3727 35 297
3727 48 377
3727 51 166
3727 51 314
3727 52 689
3727 57 391
3727 60 282
3727 60 317
3727 64 437
3728 3 19
3728 6 111
3728 10 685
3729 17 573
3729 22 256
3729 23 580
3729 24 587
3729 27 523
3729 28 277
3729 30 61
3729 31 263
3729 31 356
3729 31 362
3729 31 492
3729 40 33
3733 1 833
3733 2 271
3733 3 441
3733 15 649
3733 17 133
3733 18 111
3733 20 478
3734 1 679
3734 3 653
3734 3 671
3734 10 89
3734 11 569
3735 5 697
3735 6 201
3735 6 407
3735 12 31
3735 17 43
3735 19 278
3735 20 52
3735 23 122
3735 27 9
3735 27 182
3735 27 365
3735 29 483
3735 30 136
3735 32 94
3735 33 299
3735 48 157
3735 54 669
3735 58 262
3735 59 496
3735 62 86
3735 62 517
3735 63 71
3735 63 606
3735 64 108
3736 7 543
3736 14 29
3736 14 275
3736 16 685
3736 18 340
3736 19 92
3736 26 611
3736 28 279
3736 30 481
3736 31 240
3736 35 503
3736 36 107
3736 36 411
3736 37 85
3736 43 655
3736 51 116
3736 54 89
3736 55 351
3736 56 660
3736 57 571
3736 58 84
3736 58 333
3736 61 573
3736 64 444
3737 1 475
3737 1 891
3737 7 327
3737 10 21
3737 17 126
3737 17 489
3737 18 84
3737 18 681
3737 19 344
3737 23 396
3741 1 93
3743 5 497
3743 14 347
3743 19 251
3743 19 527
3743 22 512
3743 26 448
3743 28 504
3743 30 182
3743 30 694
3743 33 237
3743 36 79
3743 36 137
3743 38 287
3743 39 371
3743 45 457
3743 48 309
3743 49 257
3743 49 326
3743 54 301
3743 55 39
3743 55 237
3743 55 602
3743 57 374
3743 58 608
3743 60 693
3743 61 433
3743 61 630
3743 62 163
3743 63 324
3744 3 473
3744 14 395
3744 16 393
3744 16 473
3744 22 321
3744 23 429
3744 25 615
3744 25 665
3744 26 7
3760 10 593
3760 17 278
3760 29 107
3760 29 186
3760 33 1451
3760 35 41
3760 40 451
3760 44 95
3760 44 461
3760 51 95
3760 59 339
3760 60 673
3760 62 450
3760 62 489
3760 63 48
3760 63 534
3761 8 389
3761 10 181
3761 11 47
3761 12 535
3761 13 523
3761 14 367
3761 17 505
3761 24 556
3761 29 83
3761 32 295
3761 34 389
3761 35 327
3761 44 159
3761 50 611
3761 53 299
3761 55 46
3761 58 684
3761 61 568
3761 63 106
3762 3 5
3762 5 631
3762 11 403
3762 15 481
3762 19 438
3762 20 544
3762 21 51
3762 22 336
3762 24 339
3762 25 87
3762 25 148
3762 25 366
3762 25 379
3762 29 172
3762 33 521
3762 38 613
3762 45 133
3762 46 183
3762 48 193
3762 51 255
3762 51 437
3762 52 11
3762 55 404
3762 55 686
3762 57 427
3762 57 536
3762 59 62
3762 60 205
3763 4 293
3763 4 443
3763 5 595
3763 8 667
3763 21 60
3763 22 173
3763 23 532
3763 25 206
3763 29 105
3763 29 210
3763 29 339
3763 32 30
3763 33 799
3763 33 817
3763 33 1349
3763 37 397
3763 43 267
3763 52 335
3763 55 692
3763 58 105
3763 61 399
3763 64 165
3763 64 314
3764 1 427
3764 4 213
3764 8 307
3764 19 555
3764 20 432
3764 21 311
3764 22 48
3764 24 500
3764 25 534
3764 35 471
3764 47 261
3764 49 506
3764 50 693
3764 52 416
3764 53 194
3764 54 506
3765 10 313
3765 17 615
3765 19 52
3765 19 584
3765 22 84
3765 30 664
3765 30 668
3765 35 169
3765 37 691
3765 39 519
3765 49 651
3765 51 582
3765 55 554
3765 60 577
3765 64 652
3766 1 459
3766 7 295
3766 8 591
3766 17 197
3766 20 325
3766 22 433
3767 8 507
3767 15 57
3770 1 809
3770 8 339
3770 19 281
3770 21 559
3770 22 261
3770 29 177
3770 30 434
3770 32 226
3770 34 481
3770 35 431
3770 40 673
3770 40 717
3770 42 311
3770 44 323
3770 52 45
3770 59 438
3770 59 558
3770 59 662
3770 60 409
3770 63 112
3770 65 305
3770 65 583
3770 66 505
3770 72 285
3770 72 881
3770 76 1
3770 81 573
3770 87 305
3770 87 563
3770 88 136
3770 91 397
3770 93 236
3770 95 102
3770 101 427
3770 101 614
3770 101 691
3771 1 83
3774 1 129
3774 10 411
3774 19 441
3774 22 34
3774 27 478
3774 29 135
3774 30 441
3774 30 682
3774 32 172
3774 39 655
3774 40 443
3774 42 159
3774 49 62
3774 52 438
3774 52 657
3774 53 380
3774 56 553
3775 1 323
3775 9 285
3775 9 293
3775 11 303
3776 4 51
3776 11 35
3776 14 263
3776 19 88
3776 20 204
3776 21 609
3776 22 509
3776 29 281
3776 32 277
3776 33 583
3776 40 219
3776 42 481
3776 48 437
3776 49 595
3776 50 228
3776 52 661
3776 53 334
3776 55 455
3776 57 377
3776 59 307
3776 59 531
3776 61 1
3776 63 44
3777 16 263
3777 17 234
3777 18 597
3777 29 341
3777 30 517
3777 32 124
3777 34 427
3777 36 393
3777 37 213
3777 41 133
3777 41 411
3777 45 59
3777 45 289
3777 45 641
3777 48 279
3777 51 399
3777 64 239
3778 2 423
3778 4 379
3778 12 273
3778 14 367
3778 23 310
3778 24 46
3778 26 328
3778 31 616
3778 36 283
3778 46 335
3778 50 66
3778 52 210
3778 53 398
3778 56 566
3778 60 256
3778 63 171
3778 64 595
3779 2 115
3779 3 473
3779 9 323
3779 23 537
3779 26 88
3779 27 317
3779 27 383
3779 29 69
3779 30 596
3779 33 99
3779 36 499
3779 36 661
3779 43 145
3779 54 381
3779 56 11
3780 8 303
3780 15 579
3780 20 646
3780 21 164
3780 24 629
3780 26 257
3780 27 105
3780 29 178
3780 29 438
3780 31 284
3780 31 396
3780 32 264
3780 33 815
3780 34 177
3780 40 365
3780 41 589
3780 44 457
3780 48 665
3780 49 217
3780 50 115
3780 53 235
3780 54 640
3780 60 214
3780 62 223
3781 1 417
3781 1 607
3781 1 653
3781 1 823
3781 7 237
3781 8 403
3781 9 529
3781 11 81
3781 13 1
3781 14 153
3781 20 409
3781 20 416
3781 20 528
3781 21 23
3781 21 482
3781 27 699
3781 28 30
3781 29 505
3781 29 646
3781 30 242
3781 30 464
3781 32 33
3781 33 287
3781 33 1045
3781 39 457
3781 40 169
3781 42 675
3781 50 674
3781 51 186
3781 51 344
3781 52 213
3781 52 392
3781 54 327
3781 58 242
3781 58 518
3781 59 302
3781 61 691
3781 63 380
3782 1 659
3782 1 913
3782 6 417
3782 14 95
3782 15 357
3782 20 300
3782 22 181
3782 23 201
3782 24 378
3782 25 481
3782 26 267
3782 27 231
3782 33 779
3782 37 61
3782 42 651
3782 52 334
3782 52 506
3782 53 117
3782 55 43
3783 1 35
3783 4 627
3783 7 205
3783 20 358
3783 20 582
3783 23 483
3783 24 265
3783 25 418
3783 25 605
3783 29 374
3783 30 697
3783 46 459
3783 59 9
3786 1 167
3786 16 421
3786 17 625
3786 18 93
3786 19 450
3786 21 326
3786 21 547
3786 26 194
3786 26 590
3786 27 124
3786 29 46
3786 30 111
3786 36 555
3786 40 97
3786 46 631
3786 49 99
3786 50 613
3786 52 69
3786 52 507
3786 55 624
3786 56 415
3786 57 179
3786 58 603
3786 64 42
3786 64 474
3787 1 719
3787 6 31
3787 8 563
3787 9 493
3787 10 589
3787 17 491
3787 21 304
3787 21 595
3787 21 596
3787 22 504
3787 23 211
3787 23 375
3787 24 653
3787 25 19
3787 41 97
3787 43 85
3792 18 201
3792 20 265
3792 21 592
3792 24 311
3792 30 86
3792 30 476
3792 31 82
3792 32 120
3792 33 725
3792 35 211
3792 37 409
3792 40 65
3792 44 647
3792 45 339
3792 48 67
3792 51 548
3792 53 467
3792 55 637
3792 56 179
3792 56 267
3792 57 242
3792 58 658
3793 2 425
3793 17 399
3793 20 589
3793 21 616
3793 23 522
3793 24 76
3793 33 109
3794 1 533
3794 9 51
3794 14 347
3794 14 391
3794 20 368
3794 21 479
3794 24 347
3794 26 89
3794 26 259
3794 26 411
3794 28 192
3794 29 618
3794 31 564
3794 36 271
3794 37 481
3794 38 329
3794 43 559
3794 48 353
3794 49 281
3794 50 175
3794 57 183
3794 60 200
3794 61 49
3795 3 293
3797 2 449
3797 10 507
3797 19 148
3797 19 518
3797 21 690
3797 23 93
3797 28 409
3797 46 301
3797 55 334
3797 55 699
3797 58 342
3797 60 121
3798 2 491
3798 16 239
3798 18 506
3798 20 694
3798 24 602
3798 26 560
3798 30 295
3798 31 256
3798 31 484
3798 33 1005
3798 37 247
3798 44 685
3798 47 393
3798 48 285
3798 53 126
3798 53 419
3798 55 256
3798 63 578
3799 7 217
3800 6 525
3800 7 145
3800 10 453
3800 15 173
3800 16 681
3800 22 667
3800 29 292
3800 31 292
3800 31 611
3800 33 575
3800 33 895
3800 44 97
3800 47 693
3800 51 300
3800 52 442
3800 53 39
3800 56 223
3800 58 133
3800 62 454
3800 63 433
3801 20 91
3801 21 91
3801 27 688
3801 28 287
3801 32 289
3801 32 411
3801 33 399
3801 34 253
3801 43 119
3801 43 373
3801 49 302
3801 51 188
3801 52 36
3801 52 492
3801 56 242
3801 56 415
3801 57 176
3801 63 33
3802 3 369
3802 3 499
3802 4 99
3802 6 261
3802 7 61
3802 15 171
3802 15 419
3802 17 64
3802 17 539
3802 18 568
3802 20 9
3802 22 486
3802 23 461
3802 23 472
3802 24 163
3802 25 277
3802 27 53
3802 30 534
3802 33 743
3803 1 573
3803 4 227
3803 10 161
3803 12 401
3803 16 77
3803 18 513
3803 23 4
3803 23 361
3803 23 696
3803 24 395
3803 25 23
3803 30 352
3803 31 2
3803 33 343
3803 33 1341
3803 35 399
3803 35 627
3803 38 217
3803 40 349
3803 45 435
3803 46 363
3803 46 453
3803 52 537
3803 55 665
3803 60 153
3804 8 225
3804 8 607
3804 11 693
3804 12 217
3804 19 24
3804 19 225
3804 19 325
3804 19 450
3804 23 193
3804 23 254
3804 26 11
3804 31 666
3804 33 441
3804 33 743
3804 35 65
3804 43 695
3804 47 321
3804 49 316
3804 50 637
3804 59 67
3804 60 167
3804 60 700
3804 62 592
3805 4 687
3805 5 403
3805 8 129
3805 8 277
3805 13 229
3805 14 49
3805 15 307
3805 19 235
3805 21 168
3805 26 541
3805 31 429
3805 32 627
3805 42 107
3805 43 147
3809 3 557
3809 8 609
3809 9 693
3809 15 457
3809 18 668
3809 21 484
3809 23 47
3809 23 171
3809 31 12
3809 32 179
3809 38 233
3809 49 602
3809 52 596
3809 56 172
3809 57 279
3809 58 485
3809 59 474
3810 1 1101
3810 3 99
3810 3 217
3810 6 381
3810 6 667
3810 16 139
3810 18 91
3810 18 672
3810 19 671
3810 20 96
3810 27 175
3810 28 21
3810 30 392
3810 31 342
3810 32 131
3810 33 47
3810 33 719
3810 41 115
3813 6 493
3813 13 639
3813 19 276
3813 21 134
3813 23 255
3813 23 675
3813 24 196
3813 25 494
3813 27 12
3813 28 592
3813 29 364
3813 30 470
3813 32 557
3813 34 643
3813 46 175
3813 52 284
3813 56 219
3813 56 451
3813 60 477
3813 62 132
3813 62 408
3814 5 565
3814 6 427
3814 9 601
3814 13 457
3814 14 479
3814 18 32
3814 22 563
3814 24 598
3814 28 305
3814 32 440
3814 34 477
3814 35 595
3814 39 95
3814 42 23
3814 46 29
3814 47 123
3814 52 545
3814 54 13
3814 57 275
3814 60 671
3815 1 995
3815 3 375
3815 9 103
3815 11 553
3815 13 645
3815 18 259
3815 24 384
3815 26 150
3815 28 157
3815 28 545
3815 30 465
3815 35 519
3815 37 167
3815 45 235
3815 48 675
3815 50 88
3815 50 417
3815 50 638
3815 51 584
3815 53 132
3815 54 264
3815 54 614
3815 55 500
3815 58 171
3815 60 370
3818 4 207
3818 6 181
3818 8 221
3818 10 689
3818 12 635
3818 13 205
3818 17 370
3818 18 299
3818 22 682
3818 26 269
3818 27 54
3818 29 592
3818 33 17
3818 45 653
3818 47 179
3818 53 355
3818 54 286
3818 56 315
3818 58 480
3818 59 55
3818 59 134
3818 59 653
3818 60 47
3819 1 703
3819 18 304
3819 20 161
3819 23 141
3819 23 190
3819 27 263
3819 32 189
3819 33 365
3819 36 405
3819 47 517
3819 47 607
3819 55 174
3819 56 207
3819 57 69
3819 59 47
3819 59 639
3819 60 383
3820 6 447
3820 8 55
3820 15 269
3820 16 487
3820 18 304
3820 18 361
3820 20 102
3821 11 81
3821 15 663
3821 16 159
3821 22 455
3821 24 491
3821 42 619
3821 44 455
3821 47 381
3821 49 26
3821 57 138
3821 61 320
3821 62 203
3822 8 1
3822 14 173
3822 14 483
3822 15 465
3822 17 2
3822 17 27
3822 17 662
3822 19 37
3822 19 518
3822 28 107
3822 29 375
3822 29 661
3822 30 561
3822 31 21
3822 32 442
3823 12 397
3823 17 225
3823 18 502
3823 20 136
3823 25 405
3823 27 173
3823 27 205
3823 27 318
3823 28 295
3823 29 215
3823 30 534
3823 31 614
3823 33 549
3823 34 233
3823 49 235
3823 56 245
3823 57 452
3823 57 458
3823 58 241
3823 64 245
3824 2 47
3824 4 531
3824 9 525
3824 15 183
3824 17 390
3824 19 400
3824 21 282
3824 22 107
3824 25 549
3824 26 92
3824 26 498
3824 28 222
3824 29 599
3824 32 626
3824 33 1405
3824 36 443
3824 37 109
3824 44 591
3824 46 211
3824 48 45
3824 53 201
3824 54 631
3824 56 59
3824 56 411
3824 56 437
3824 58 371
3824 62 92
3824 63 651
3824 64 514
3825 1 773
3825 3 1
3825 5 359
3825 12 323
3825 24 4
3825 28 399
3825 31 165
3825 31 627
3825 35 137
3825 42 209
3825 49 268
3825 49 483
3825 51 562
3825 54 189
3825 58 656
3825 62 234
3825 62 547
3826 1 107
3826 5 103
3826 6 213
3826 8 251
3826 16 549
3826 24 28
3826 25 378
3826 27 508
3826 29 633
3826 30 214
3826 35 639
3826 39 225
3826 43 649
3826 44 547
3826 46 439
3826 49 151
3826 49 632
3826 50 15
3826 51 59
3826 51 292
3826 55 49
3826 59 35
3826 59 525
3826 61 267
3826 64 639
3827 2 41
3827 3 591
3827 6 425
3827 14 495
3827 17 55
3827 18 203
3827 21 73
3827 23 175
3827 24 258
3827 26 541
3827 29 316
3827 38 417
3827 43 485
3827 46 341
3827 49 329
3827 50 97
3827 51 534
3827 52 668
3827 53 83
3827 54 676
3827 56 179
3827 56 479
3827 57 152
3827 58 336
3827 58 588
3827 59 83
3827 60 14
3827 61 138
3827 62 631
3828 3 697
3828 7 223
3828 7 351
3828 20 79
3828 23 647
3828 27 683
	Entry 5000
3828 29 272
3828 30 85
3828 30 312
3828 30 357
3828 31 22
3828 32 91
3828 33 445
3828 36 439
3828 37 345
3828 38 133
3828 41 111
3828 50 650
3828 54 310
3828 54 407
3829 3 63
3829 4 257
3829 10 405
3829 22 296
3829 22 418
3829 23 466
3829 24 688
3829 25 13
3829 29 285
3829 31 269
3829 31 586
3829 33 1275
3829 43 601
3829 48 103
3829 49 40
3829 49 386
3829 50 31
3829 52 366
3829 57 133
3829 57 218
3829 57 558
3829 57 610
3833 2 650
3833 8 167
3837 5 405
3837 6 623
3837 11 51
3837 12 581
3837 16 287
3837 19 330
3837 20 165
3837 23 166
3837 23 674
3837 27 460
3837 29 264
3837 30 216
3837 32 223
3837 40 89
3837 41 599
3837 43 111
3837 50 407
3837 51 228
3837 53 620
3837 58 672
3837 59 492
3837 60 606
3838 5 681
3838 7 391
3838 7 593
3838 8 333
3838 11 585
3838 15 175
3838 17 429
3838 24 327
3838 25 173
3838 32 519
3838 40 541
3838 43 678
3838 48 564
3838 50 131
3838 53 454
3838 65 95
3838 68 357
3838 73 2
3838 78 581
3838 79 383
3838 84 95
3838 85 373
3839 2 211
3839 6 611
3839 8 493
3839 15 129
3839 15 333
3839 18 520
3839 20 52
3839 20 354
3839 22 65
3839 23 1
3839 24 32
3839 25 322
3839 25 481
3839 26 319
3839 33 861
3839 34 547
3839 36 305
3839 37 191
3839 49 575
3839 50 192
3839 52 417
3839 56 311
3839 60 322
3839 62 420
3839 62 657
3839 62 699
3840 1 1311
3840 2 75
3840 4 441
3840 10 549
3840 25 691
3840 26 99
3840 27 624
3840 30 129
3840 33 1017
3840 47 407
3840 52 231
3840 58 113
3840 58 260
3840 60 53
3840 63 407
3840 64 169
3840 64 504
3841 3 271
3841 15 557
3841 17 240
3841 17 307
3841 17 327
3841 17 685
3841 23 293
3841 24 211
3841 24 216
3841 27 590
3841 30 121
3841 30 195
3841 33 41
3841 47 191
3841 48 473
3841 52 224
3841 55 396
3841 55 559
3841 55 688
3841 56 290
3841 60 91
3841 60 344
3841 61 643
3841 62 286
3842 5 101
3842 12 259
3842 17 587
3842 18 241
3842 21 370
3842 24 579
3842 27 456
3842 28 10
3842 28 142
3842 32 303
3842 36 237
3842 37 301
3842 37 531
3842 47 297
3842 49 628
3842 50 350
3842 52 441
3842 53 443
3842 59 191
3842 59 430
3842 63 484
3843 6 393
3843 20 555
3843 22 347
3843 25 229
3843 32 403
3843 32 559
3843 34 97
3843 44 503
3843 51 514
3843 52 165
3843 53 259
3843 55 440
3843 58 532
3843 59 194
3843 63 52
3843 63 61
3843 63 120
3851 10 105
3851 11 665
3851 13 571
3851 14 535
3851 17 49
3851 17 232
3851 17 410
3851 18 345
3851 30 554
3851 31 634
3851 32 207
3851 32 682
3851 33 709
3851 36 335
3851 38 125
3851 39 363
3851 40 455
3851 47 617
3851 49 23
3851 50 541
3851 53 27
3851 54 676
3851 55 322
3851 57 96
3851 58 567
3851 60 86
3851 64 615
3852 4 593
3853 3 519
3853 11 41
3853 18 321
3853 21 433
3853 28 414
3853 31 73
3853 32 77
3853 33 255
3853 38 7
3853 38 311
3853 40 453
3853 45 149
3853 46 127
3853 46 583
3853 47 303
3853 48 501
3853 51 553
3854 15 363
3854 25 401
3854 26 171
3854 26 174
3854 29 181
3854 32 158
3854 33 433
3854 34 495
3854 40 693
3854 41 619
3854 46 17
3854 49 102
3854 51 547
3854 53 454
3854 55 34
3854 55 149
3854 55 688
3854 56 350
3854 61 313
3854 62 104
3854 62 208
3855 1 1467
3855 7 179
3855 12 135
3855 13 371
3855 18 77
3855 20 449
3855 23 418
3855 24 581
3855 25 10
3855 27 123
3855 27 185
3855 28 247
3855 32 322
3855 33 815
3855 41 335
3855 47 603
3855 52 149
3855 56 115
3855 58 117
3855 58 241
3856 4 199
3856 5 223
3856 17 465
3856 17 593
3856 18 58
3856 18 213
3856 18 686
3856 20 137
3856 21 542
3856 23 373
3856 24 109
3857 1 153
3857 4 373
3857 6 649
3857 12 275
3857 15 429
3857 17 48
3857 18 528
3857 19 21
3858 16 177
3858 18 141
3858 18 189
3858 19 417
3858 23 475
3858 25 435
3858 25 624
3858 26 247
3858 26 691
3858 27 359
3858 28 156
3858 33 373
3858 34 215
3858 44 631
3858 45 111
3858 51 566
3858 56 478
3858 59 101
3858 60 441
3858 62 398
3858 62 683
3858 64 309
3859 1 377
3859 1 747
3859 4 477
3859 5 575
3859 11 547
3859 21 361
3859 21 686
3859 28 275
3859 30 391
3859 32 241
3859 46 384
3859 47 84
3859 48 253
3859 50 43
3859 51 447
3859 52 117
3859 52 129
3859 58 423
3859 59 281
3859 71 678
3859 72 439
3859 74 186
3859 75 21
3859 75 523
3859 78 348
3859 79 386
3859 81 205
3859 82 167
3859 82 659
3859 83 599
3859 84 439
3860 8 241
3860 19 541
3860 20 150
3860 20 648
3860 21 638
3860 23 632
3860 26 147
3860 28 493
3860 31 363
3860 34 227
3860 53 194
3860 57 216
3860 63 153
3860 63 650
3861 1 647
3861 2 7
3861 8 71
3861 10 525
3862 8 696
3862 10 619
3862 12 13
3862 17 452
3862 17 554
3862 22 242
3862 22 395
3862 24 114
3862 26 263
3862 33 93
3862 36 447
3862 40 99
3862 41 281
3864 11 221
3864 12 467
3864 14 331
3864 19 445
3864 19 680
3864 24 120
3864 36 573
3864 38 583
3864 39 139
3864 43 355
3864 48 557
3864 48 619
3864 50 176
3864 53 332
3864 55 221
3864 55 303
3864 58 61
3864 59 41
3864 60 222
3864 60 313
3864 61 10
3864 61 526
3864 61 608
3864 62 75
3864 62 360
3864 64 609
3865 1 231
3865 4 353
3865 11 545
3865 14 93
3865 17 107
3865 20 61
3865 27 325
3865 28 238
3865 29 82
3865 31 311
3865 33 161
3865 33 1021
3865 33 1135
3865 33 1381
3865 38 189
3865 39 243
3865 47 463
3865 48 693
3865 55 191
3865 57 300
3865 61 477
3865 62 587
3866 1 267
3866 3 441
3866 5 217
3866 5 621
3866 6 451
3866 12 195
3866 19 372
3866 20 145
3866 21 644
3866 25 403
3866 27 66
3866 27 300
3866 27 401
3866 27 603
3866 33 1369
3866 34 507
3866 35 281
3866 40 263
3866 41 569
3866 41 681
3866 43 226
3866 47 373
3866 53 289
3866 56 225
3866 57 518
3866 59 454
3866 60 27
3866 60 95
3866 60 133
3868 1 173
3868 3 273
3868 6 451
3868 17 45
3868 17 468
3868 18 273
3868 19 577
3868 19 660
3868 20 16
3868 29 535
3868 31 190
3868 38 433
3868 43 503
3868 43 645
3868 51 65
3868 52 86
3868 53 670
3868 55 60
3868 56 171
3868 57 547
3869 1 71
3869 2 339
3869 8 503
3869 11 279
3869 13 247
3869 14 119
3869 24 342
3869 27 372
3869 29 322
3869 29 346
3869 29 366
3869 32 511
3869 42 69
3869 44 363
3869 48 3
3869 55 400
3869 55 539
3869 58 223
3869 60 435
3869 61 648
3869 63 656
3870 1 225
3870 1 1453
3870 2 29
3870 2 215
3870 14 275
3870 15 355
3870 18 298
3870 18 613
3870 22 453
3870 23 634
3870 28 421
3870 31 37
3870 34 251
3870 34 421
3870 39 309
3870 44 519
3870 46 123
3870 46 255
3870 48 489
3870 49 51
3870 49 544
3870 56 446
3870 59 23
3870 59 43
3870 59 364
3870 60 362
3870 60 561
3870 61 426
3871 2 375
3871 6 35
3871 10 549
3871 12 649
3871 13 319
3871 21 449
3871 22 203
3871 23 645
3871 24 38
3871 25 237
3871 27 78
3871 29 75
3871 36 185
3871 50 553
3871 51 636
3871 53 329
3871 55 520
3871 56 246
3871 59 324
3872 2 235
3872 3 241
3872 3 393
3872 6 77
3875 3 3
3875 4 7
3875 18 646
3875 20 332
3875 23 292
3875 25 115
3875 30 205
3875 30 567
3875 32 370
3875 38 41
3875 39 673
3875 40 427
3875 40 605
3875 41 687
3875 47 265
3875 49 589
3875 50 3
3875 52 437
3875 54 533
3875 55 186
3875 56 200
3875 57 19
3875 57 148
3875 57 319
3875 59 614
3875 60 270
3876 3 29
3876 7 321
3876 8 543
3876 11 457
3876 19 64
3876 20 121
3876 23 38
3876 24 475
3876 25 533
3876 27 323
3876 30 108
3876 33 1369
3876 43 601
3876 45 385
3876 47 119
3876 49 278
3876 56 176
3876 58 125
3876 59 593
3876 59 679
3876 61 57
3876 62 553
3877 2 443
3877 3 151
3877 5 171
3877 11 641
3877 12 97
3877 17 387
3877 17 583
3877 23 16
3877 26 82
3877 26 661
3877 27 581
3877 29 357
3877 35 9
3877 36 563
3877 37 185
3877 43 303
3877 43 595
3877 47 305
3877 50 140
3877 50 653
3877 51 288
3877 51 663
3877 52 498
3877 53 120
3877 53 528
3877 55 427
3877 56 390
3877 56 450
3877 58 175
3877 59 15
3877 59 51
3877 66 83
3877 73 213
3877 84 84
3877 84 245
3877 84 494
3877 85 314
3877 87 313
3877 90 85
3886 8 257
3886 17 274
3886 20 338
3886 22 460
3886 25 676
3886 26 340
3886 27 261
3886 28 418
3886 28 432
3886 30 208
3886 30 209
3886 31 648
3886 32 41
3887 1 1221
3887 3 33
3887 5 407
3887 6 189
3887 16 71
3887 21 619
3887 22 5
3887 22 430
3887 22 544
3887 26 477
3887 27 99
3887 27 147
3887 28 254
3887 29 227
3887 30 449
3887 31 422
3887 32 296
3887 34 223
3887 38 133
3887 40 183
3887 41 1
3887 41 111
3887 45 675
3887 48 41
3887 50 437
3887 52 700
3887 54 337
3887 56 690
3887 57 626
3887 58 541
3887 60 71
3887 63 131
3887 64 37
3888 10 475
3888 13 527
3888 24 562
3888 26 184
3888 29 304
3888 30 308
3888 30 482
3888 31 98
3888 31 617
3888 37 687
3888 39 627
3888 39 631
3888 45 559
3888 48 93
3888 50 189
3890 8 137
3890 8 463
3890 10 159
3890 10 193
3890 11 173
3890 20 65
3890 21 490
3890 23 208
3890 25 132
3890 26 361
3890 26 689
3890 27 454
3890 29 233
3890 30 162
3890 30 602
3890 31 50
3890 33 341
3890 38 495
3890 39 205
3890 43 9
3890 46 615
3890 56 138
3890 63 126
3891 5 325
3892 2 35
3892 5 409
3892 5 429
3892 6 101
3892 8 235
3892 15 149
3892 18 113
3892 24 54
3892 27 426
3892 27 621
3892 31 384
3892 31 616
3892 33 951
3892 40 423
3892 43 87
3892 47 299
3892 51 74
3892 53 512
3892 55 407
3893 9 659
3893 11 501
3893 17 306
3893 18 273
3893 23 184
3893 25 250
3893 25 377
3893 26 283
3893 26 350
3893 29 587
3893 29 649
3893 33 825
3893 33 1197
3893 52 428
3893 52 496
3893 54 226
3893 57 116
3893 58 569
3893 64 527
3894 1 255
3894 3 483
3894 5 115
3894 5 485
3894 5 671
3894 6 321
3894 11 343
3894 19 321
3894 22 460
3894 22 678
3894 23 303
3894 24 95
3894 24 401
3894 25 320
3894 28 522
3894 30 219
3894 30 348
3894 33 279
3894 43 539
3894 44 487
3894 50 70
3894 51 295
3894 52 318
3894 53 394
3894 56 433
3895 1 705
3895 1 1281
3895 5 241
3895 9 101
3895 15 225
3895 15 445
3895 19 282
3895 21 136
3895 21 367
3895 21 579
3895 27 77
3895 27 178
3895 30 158
3895 39 265
3895 45 329
3895 49 376
3895 51 55
3895 56 397
3895 59 237
3896 1 721
3896 2 79
3896 2 157
3896 4 353
3896 23 30
3896 24 678
3896 25 204
3896 31 177
3896 41 57
3896 44 99
3896 44 437
3896 44 563
3896 46 659
3896 51 640
3896 52 541
3896 53 334
3896 53 672
3896 54 287
3896 59 216
3897 5 575
3897 17 271
3897 18 596
3897 19 79
3897 19 306
3897 22 398
3897 24 32
3897 24 173
3897 27 120
3897 27 378
3897 31 20
3897 33 523
3897 39 187
3897 41 261
3897 44 401
3897 44 465
3897 45 433
3897 48 251
3897 50 90
3897 56 40
3897 59 182
3897 63 315
3897 63 595
3897 64 18
3898 1 739
3898 17 453
3898 19 255
3898 20 61
3898 20 383
3898 21 195
3898 21 413
3898 21 589
3898 26 198
3898 28 122
3898 28 591
3898 28 652
3898 29 30
3898 30 202
3898 30 589
3898 32 212
3898 32 684
3898 41 665
3898 45 421
3898 49 425
3898 53 174
3898 54 322
3898 57 302
3899 1 719
3899 12 351
3899 12 599
3899 17 422
3899 18 275
3899 20 134
3899 21 408
3899 25 45
3899 28 452
3899 29 204
3899 34 21
3899 40 289
3899 52 65
3899 52 676
3899 54 428
3899 57 330
3899 57 440
3899 64 368
3899 64 652
3900 4 657
3900 5 561
3900 7 109
3900 10 75
3900 12 5
3900 12 499
3900 18 434
3900 18 526
3900 18 661
3900 19 42
3900 19 350
3900 19 635
3900 21 170
3900 21 673
3900 22 366
3900 27 54
3900 27 123
3900 30 505
3900 36 333
3900 38 87
3900 50 563
3900 60 238
3900 62 239
3901 1 1181
3901 6 75
3901 10 451
3901 12 655
3901 19 421
3901 23 674
3901 27 621
3901 28 361
3901 29 73
3901 47 329
3901 48 381
3901 50 22
3901 53 68
3901 56 56
3131 2 595
3131 9 219
3131 14 653
3131 28 522
3132 37 276
3141 6 69
3141 6 335
3141 14 21
3141 16 171
3141 19 565
3141 21 317
3141 24 364
3141 32 353
3141 32 384
3141 35 185
3141 40 679
3141 45 125
3141 52 75
3141 62 17
3142 6 393
3142 16 9
3142 30 647
3142 33 192
3142 37 679
3142 45 203
3142 55 70
3144 13 485
3144 20 223
3144 49 99
3144 57 41
3145 12 599
3145 19 435
3145 22 187
3145 22 331
3145 37 598
3145 41 679
3145 46 648
3145 49 417
3146 3 275
3148 29 356
3148 34 1129
3148 35 221
3148 60 643
3149 6 337
3149 6 469
3149 11 585
3151 10 17
3151 16 287
3151 21 45
3151 23 122
3152 11 309
3152 12 267
3152 16 511
3152 17 14
3152 24 367
3152 26 296
3152 26 585
3152 27 522
3152 34 1067
3152 37 299
3345 10 43
3345 10 495
3345 14 639
3345 15 483
3345 26 15
3345 33 660
3345 38 587
3345 39 281
3345 39 651
3345 41 651
3345 44 423
3345 51 308
3345 56 657
3345 57 103
3345 59 504
3345 60 25
3345 63 385
3346 1 91
3346 7 435
3346 12 113
3346 13 137
3346 14 231
3346 18 152
3346 22 189
3346 30 653
3346 34 603
3346 35 371
3346 50 288
3346 58 602
3346 59 647
3346 62 580
3346 64 74
3347 9 511
3347 13 305
3347 23 14
3347 30 55
3347 35 297
3347 45 103
3347 49 660
3347 52 625
3347 53 89
3348 5 41
3348 10 563
3348 19 243
3348 21 539
3348 26 86
3348 27 55
3348 33 1105
3348 41 351
3348 44 645
3348 49 482
3348 49 485
3348 53 668
3348 62 546
3349 2 505
3349 4 469
3349 9 299
3349 14 269
3349 15 127
3349 16 111
3349 19 694
3349 20 637
3349 21 281
3349 25 634
3349 27 373
3349 34 417
3349 39 453
3349 43 557
3349 43 611
3349 52 46
3349 52 579
3349 52 626
3349 57 561
3349 61 136
3349 62 312
3349 62 372
3349 63 296
3350 8 213
3350 29 445
3350 30 350
3350 32 663
3350 35 575
3350 36 25
3350 39 249
3350 50 31
3350 52 32
3350 53 69
3350 55 47
3350 55 288
3350 56 36
3350 57 7
3350 60 167
3350 62 601
3351 5 263
3351 8 177
3351 13 231
3351 17 36
3351 20 405
3351 28 647
3351 29 672
3351 36 693
3351 37 235
3351 37 577
3351 49 358
3351 52 359
3351 56 149
3351 57 40
3351 62 434
3356 3 155
3356 3 227
3356 3 359
3356 17 610
3356 23 475
3356 24 252
3356 38 107
3356 45 673
3356 52 484
3356 62 302
3356 62 382
3356 64 221
3357 20 90
3357 21 88
3357 23 52
3357 23 372
3357 24 169
3357 24 656
3357 29 116
3357 30 592
3357 39 351
	GetEntry failure 6110
>> Writing Background Tables
>> Writing /minerva/data/users/oaltinok/NTupleAnalysis/Data/Analyzed/Interaction.root
>> Writing /minerva/data/users/oaltinok/NTupleAnalysis/Data/Analyzed/Muon.root
>> Writing /minerva/data/users/oaltinok/NTupleAnalysis/Data/Analyzed/Proton.root
>> Writing /minerva/data/users/oaltinok/NTupleAnalysis/Data/Analyzed/Pion.root
>> Writing /minerva/data/users/oaltinok/NTupleAnalysis/Data/Analyzed/Pi0Blob.root
N(2p2h) = 0
SignalOut_Acceptance = 0
SignalOut_Kinematics = 0
Events(Enu>10) = 0
Events(Enu<10) = 0
Events(All) = 0
N(Other) = 0
Time to Complete = 0' 4" or 4 seconds
