
10.625 1.78884 10469

31.875 1.49855 6815

53.125 1.47647 4832

74.375 1.47254 4383

95.625 1.46508 3784

116.875 1.48726 3535

138.125 1.48687 2985

159.375 1.48637 2674

180.625 1.49041 2523

201.875 1.50981 2186

223.125 1.49456 2014

244.375 1.51395 1764

265.625 1.52344 1483

286.875 1.49587 1398

308.125 1.52194 1224

329.375 1.51217 1051

350.625 1.50691 885

371.875 1.49686 692

393.125 1.49344 577

414.375 1.47991 461

435.625 1.49799 317

456.875 1.48606 277

478.125 1.45038 198

499.375 1.42764 142

520.625 1.40744 79

541.875 1.41033 69

563.125 1.356 50

584.375 1.32692 26

605.625 1.305 10

626.875 1.3125 2

648.125 1.2375 2









