5           15.9659     
15          45.2677     
25          17.0825     
35          63.2126     
45          69.2782     
55          88.9093     
65          135.866     
75          178.969     
85          166.622     
95          197.153     
105         236.356     
115         253.746     
125         333.823     
135         350.079     
145         344.093     
155         258.602     
165         257.82      
175         202.087     
185         90.5346     
195         102.127     
205         58.0571     
215         82.4213     
225         40.0599     
235         51.1749     
245         47.367      
255         35.3637     
265         18.2683     
275         28.9214     
285         29.4221     
295         19.3646     
305         18.2494     
315         23.3703     
325         39.1459     
335         8.54779     
345         28.5475     
355         3.50979     
365         0.094013    
375         14.7699     
385         22.1753     
395         5.91438     
405         12.2883     
415         -5.19043    
425         -10.7911    
435         17.3157     
445         5.82739     
455         -8.50576    
465         13.5322     
475         22.9422     
485         6.39928     
495         5.19781  