5           82.4674     
15          138.679     
25          287.5       
35          450.545     
45          600.43      
55          787.944     
65          1018.55     
75          1180.1      
85          1394.87     
95          1680.58     
105         1843.82     
115         2117.89     
125         2367.94     
135         2363.13     
145         2151.2      
155         1657.61     
165         1197.35     
175         849.033     
185         642.541     
195         467.735     
205         418.681     
215         336.562     
225         315.711     
235         249.429     
245         257.489     
255         195.886     
265         202.691     
275         193.453     
285         175.791     
295         154.165     
305         138.151     
315         129.917     
325         135.425     
335         126.607     
345         117.527     
355         96.2695     
365         114.224     
375         80.8799     
385         73.5808     
395         65.7626     
405         77.6894     
415         89.6993     
425         73.6632     
435         76.8107     
445         69.532      
455         73.7714     
465         69.6556     
475         47.7202     
485         61.99       
495         66.5355     
