105 104 0 1
0 13 21 8
85 88 3 0
90 103 31 18
60 62 37 35
91 91 0 0
76 76 0 0
46 59 24 11
151 170 20 1
14 16 6 4
0 13 54 41
0 0 44 44
202 202 0 0
1 75 87 13
152 152 0 0
43 40 0 3
95 113 25 7
137 137 0 0
120 122 2 0
50 72 25 3
239 240 15 14
2 2 6 6
74 74 0 0
46 46 0 0
115 115 0 0
6 6 0 0
211 215 4 0
24 24 4 4
137 217 158 78
79 79 0 0
41 41 0 0
42 42 0 0
0 0 0 0
32 39 7 0
52 52 0 0
5 47 49 7
57 71 14 0
0 0 0 0
75 75 0 0
42 42 0 0
45 45 0 0
40 40 0 0
100 100 0 0
58 58 0 0
212 216 32 28
45 55 15 5
58 72 14 0
27 32 29 24
0 0 0 0
47 47 0 0
109 100 0 9
75 75 0 0
1068 1101 57 24
50 50 0 0
82 95 25 12
30 30 0 0
150 150 0 0
45 45 0 0
82 82 0 0
21 21 0 0
0 54 61 7
49 49 0 0
65 65 0 0
3 3 0 0
90 90 0 0
31 31 0 0
12 30 77 59
67 67 0 0
7 23 28 12
0 11 15 4
6 65 85 26
0 14 27 13
0 0 0 0
0 0 0 0
58 69 49 38
46 55 15 6
0 49 71 22
0 14 16 2
194 194 0 0
0 0 0 0
0 218 280 62
0 46 57 11
0 0 0 0
21 21 0 0
107 102 0 5
44 44 0 0
106 113 7 0
49 49 0 0
50 50 0 0
0 16 21 5
78 77 1 2
12 62 61 11
105 115 17 7
78 91 19 6
0 53 79 26
0 7 10 3
416 439 47 24
82 82 0 0
33 72 47 8
35 35 8 8
124 124 0 0
0 0 0 0
31 144 150 37
2 2 0 0
56 56 0 0
41 41 0 0
0 0 46 46
0 3 23 20
66 66 0 0
0 22 29 7
44 44 19 19
36 36 0 0
57 82 35 10
0 20 20 0
103 108 10 5
9 37 67 39
183 183 0 0
0 36 53 17
1 1 0 0
21 23 2 0
86 89 3 0
31 31 0 0
96 94 1 3
56 56 0 0
99 106 25 18
0 70 104 34
70 77 7 0
42 42 0 0
7 10 3 0
83 83 0 0
126 126 0 0
0 6 47 41
182 224 51 9
90 90 0 0
487 513 115 89
16 16 13 13
0 0 0 0
29 29 0 0
106 133 52 25
48 48 0 0
0 50 70 20
69 87 18 0
29 29 0 0
4 30 31 5
220 251 50 19
6 29 43 20
65 101 36 0
0 12 24 12
35 81 49 3
21 21 0 0
123 128 5 0
1 10 11 2
1 119 135 17
20 20 0 0
66 79 19 6
85 85 0 0
50 50 0 0
6 6 0 0
0 0 0 0
25 25 0 0
421 421 0 0
25 25 0 0
151 163 12 0
45 58 37 24
86 86 0 0
0 0 0 0
0 15 40 25
32 32 0 0
364 364 0 0
27 27 0 0
56 44 11 23
0 8 28 20
89 89 0 0
60 60 0 0
31 49 34 16
25 25 0 0
65 65 0 0
23 23 0 0
97 97 0 0
68 68 0 0
61 71 10 0
89 137 66 18
0 0 0 0
23 23 0 0
48 70 71 49
0 33 38 5
138 138 2 2
63 63 0 0
37 37 0 0
28 51 23 0
96 127 52 21
50 55 26 21
0 28 47 19
24 22 0 2
68 99 124 93
7 31 26 2
0 0 0 0
0 0 0 0
0 20 74 54
0 14 47 33
0 0 0 0
36 36 0 0
256 256 0 0
31 64 43 10
0 11 22 11
2 4 2 0
271 276 24 19
190 200 94 84
83 94 11 0
0 18 35 17
0 25 54 29
0 4 46 42
79 79 0 0
51 51 0 0
90 90 0 0
3 20 17 0
74 74 0 0
33 33 0 0
32 42 57 47
6 6 0 0
103 97 14 20
29 43 35 21
84 84 0 0
21 36 15 0
152 166 14 0
14 14 0 0
60 60 0 0
0 25 36 11
66 64 0 2
0 6 12 6
85 85 0 0
59 59 0 0
0 15 38 23
4 11 35 28
255 347 160 68
46 72 31 5
393 402 9 0
26 26 0 0
160 160 0 0
47 47 0 0
46 44 29 31
46 57 11 0
4 4 36 36
21 20 8 9
39 39 0 0
0 0 0 0
56 56 0 0
0 3 28 25
186 186 0 0
1 1 0 0
435 508 113 40
71 71 0 0
32 32 0 0
0 7 19 12
18 21 16 13
21 23 10 8
59 121 68 6
107 107 0 0
139 139 0 0
113 123 16 6
0 46 65 19
0 2 20 18
48 70 63 41
1 42 107 66
113 113 0 0
53 64 24 13
66 70 4 0
51 49 7 9
14 35 94 73
0 17 39 22
0 0 0 0
41 41 0 0
0 32 47 15
18 18 0 0
202 203 1 0
95 95 0 0
79 78 23 24
42 42 0 0
236 236 0 0
6 1 15 20
124 139 15 0
0 0 0 0
188 212 41 17
49 49 0 0
57 57 0 0
25 25 0 0
69 69 0 0
77 81 4 0
0 39 41 2
3 2 9 10
119 116 8 11
28 28 0 0
71 51 14 34
3 10 18 11
228 213 15 30
91 91 0 0
366 366 0 0
47 47 0 0
35 35 0 0
0 12 21 9
48 48 0 0
13 13 0 0
64 52 3 15
42 42 0 0
269 326 103 46
50 50 0 0
84 86 10 8
21 30 15 6
26 26 0 0
0 0 0 0
0 7 35 28
0 6 25 19
91 101 26 16
83 112 37 8
259 269 33 23
32 107 97 22
77 77 0 0
38 35 7 10
187 198 16 5
71 117 49 3
10 44 64 30
20 20 0 0
101 99 3 5
69 69 0 0
77 77 0 0
46 46 0 0
138 147 9 0
45 45 0 0
64 64 0 0
41 89 66 18
117 129 20 8
57 56 2 3
43 37 18 24
17 17 0 0
201 218 19 2
32 32 0 0
44 106 110 48
64 64 0 0
669 669 0 0
65 65 0 0
85 86 32 31
50 58 8 0
158 158 0 0
44 44 0 0
350 364 14 0
45 45 0 0
3 2 5 6
61 68 10 3
59 130 77 6
28 33 5 0
122 121 10 11
75 75 0 0
286 298 24 12
11 11 0 0
150 156 6 0
0 0 0 0
2 46 81 37
30 30 0 0
51 56 14 9
22 22 0 0
92 92 5 5
55 94 48 9
33 32 34 35
29 29 0 0
176 227 54 3
7 49 61 19
2 25 59 36
6 3 3 6
0 0 0 0
43 43 0 0
73 72 0 1
99 106 7 0
131 135 7 3
20 20 0 0
0 69 90 21
0 23 40 17
277 285 12 4
118 118 0 0
0 11 41 30
0 9 32 23
137 137 0 0
5 5 0 0
250 250 0 0
3 3 0 0
229 229 1 1
31 72 41 0
0 0 0 0
34 34 0 0
80 80 0 0
31 31 0 0
781 781 0 0
27 27 0 0
0 16 28 12
0 18 24 6
0 15 51 36
0 12 39 27
72 86 42 28
29 29 0 0
0 40 75 35
1 34 63 30
105 134 66 37
102 102 5 5
148 161 16 3
33 33 0 0
0 16 32 16
25 25 0 0
51 58 26 19
34 33 4 5
61 61 0 0
0 41 46 5
123 132 9 0
55 65 10 0
0 0 0 0
6 6 0 0
0 24 40 16
25 25 0 0
38 38 0 0
0 7 16 9
70 70 0 0
36 36 0 0
34 46 16 4
36 36 0 0
5 7 2 0
0 0 0 0
288 288 0 0
45 45 0 0
31 31 0 0
1 30 29 0
139 169 71 41
39 39 0 0
213 213 6 6
0 0 0 0
22 250 311 83
4 35 47 16
77 143 74 8
0 3 13 10
347 357 21 11
9 9 0 0
56 56 0 0
5 20 15 0
0 13 62 49
34 34 0 0
356 356 0 0
80 80 0 0
84 97 20 7
105 105 0 0
0 0 0 0
15 15 0 0
69 84 15 0
0 15 21 6
0 0 0 0
0 0 0 0
109 111 12 10
8 8 0 0
90 90 0 0
0 0 0 0
0 0 0 0
0 0 0 0
149 156 12 5
50 138 94 6
70 70 0 0
40 40 0 0
24 24 18 18
0 0 0 0
282 420 221 83
108 107 3 4
58 54 0 4
75 75 0 0
194 182 9 21
64 64 0 0
61 61 0 0
0 0 0 0
395 403 35 27
2 8 16 10
28 28 0 0
88 92 37 33
69 69 0 0
36 54 18 0
0 0 0 0
28 28 0 0
162 202 45 5
118 118 0 0
0 77 167 90
0 7 37 30
144 144 14 14
36 36 0 0
130 130 0 0
52 52 0 0
116 116 0 0
58 60 23 21
3 64 77 16
39 39 0 0
99 99 0 0
17 17 0 0
107 107 0 0
44 42 0 2
0 0 0 0
26 26 0 0
76 76 0 0
0 11 26 15
320 329 64 55
91 91 0 0
373 318 21 76
18 18 10 10
28 40 19 7
21 21 9 9
17 17 0 0
55 58 5 2
129 160 59 28
31 31 0 0
141 137 5 9
61 94 56 23
0 56 103 47
23 23 0 0
46 46 0 0
26 46 20 0
128 128 0 0
19 19 0 0
0 83 98 15
1 22 30 9
185 185 0 0
92 92 0 0
0 50 54 4
45 57 18 6
66 108 83 41
65 62 0 3
0 23 51 28
24 24 0 0
81 103 22 0
0 8 37 29
58 61 3 0
16 22 12 6
171 173 2 0
0 30 61 31
92 92 0 0
0 1 1 0
40 40 0 0
0 18 22 4
209 209 0 0
46 46 0 0
289 289 0 0
51 51 0 0
192 192 0 0
104 104 0 0
0 49 60 11
0 30 38 8
263 265 2 0
0 0 0 0
128 149 40 19
122 122 0 0
155 167 30 18
26 26 0 0
121 121 0 0
97 97 0 0
92 110 18 0
82 82 0 0
144 144 0 0
91 93 2 0
14 14 42 42
39 39 0 0
4 15 51 40
2 16 30 16
149 186 42 5
67 67 0 0
33 152 163 44
13 13 0 0
340 325 34 49
18 18 0 0
57 71 71 57
22 22 0 0
221 221 0 0
0 18 45 27
114 118 15 11
0 7 11 4
254 258 4 0
23 23 0 0
393 393 0 0
40 40 0 0
10 54 64 20
0 0 13 13
64 75 11 0
28 28 12 12
0 0 0 0
0 0 0 0
62 62 0 0
31 35 7 3
137 137 0 0
4 28 49 25
127 127 0 0
49 71 39 17
119 140 57 36
6 55 64 15
147 151 4 0
46 46 0 0
53 63 46 36
55 58 9 6
138 138 0 0
0 11 16 5
300 300 0 0
75 75 0 0
113 111 6 8
90 86 7 11
94 113 23 4
0 41 41 0
136 136 0 0
12 26 17 3
114 117 3 0
20 22 2 0
76 76 0 0
22 49 36 9
3 65 62 0
16 9 15 22
58 64 6 0
0 35 41 6
94 102 56 48
24 24 0 0
113 126 44 31
0 32 43 11
69 64 3 8
1 10 28 19
129 129 0 0
14 10 25 29
352 372 26 6
58 58 0 0
192 200 8 0
40 40 0 0
199 207 8 0
22 101 116 37
99 104 10 5
22 22 0 0
94 94 0 0
64 64 0 0
125 125 0 0
70 70 0 0
112 112 0 0
10 17 7 0
174 173 2 3
19 19 0 0
0 23 65 42
0 9 40 31
0 0 0 0
6 6 19 19
109 135 29 3
38 38 0 0
69 68 23 24
68 75 9 2
102 102 0 0
64 64 0 0
0 23 58 35
31 31 0 0
11 22 20 9
1 54 56 3
54 54 9 9
21 21 0 0
95 99 96 92
0 14 14 0
44 70 87 61
60 66 6 0
0 59 74 15
35 35 0 0
109 109 0 0
0 5 16 11
0 83 203 120
97 98 29 28
38 38 0 0
0 12 17 5
200 200 0 0
26 26 0 0
13 13 0 0
0 0 0 0
135 130 7 12
21 21 0 0
2 43 83 42
6 6 0 0
254 254 0 0
21 23 2 0
124 124 0 0
0 34 34 0
12 64 110 58
41 41 0 0
219 221 6 4
0 0 0 0
116 149 42 9
0 8 23 15
107 107 0 0
0 7 19 12
146 255 241 132
7 14 7 0
52 52 0 0
48 48 0 0
0 0 0 0
27 34 16 9
29 29 0 0
0 12 21 9
23 15 29 37
35 35 0 0
11 44 71 38
0 17 37 20
0 0 0 0
12 12 0 0
67 125 77 19
0 27 47 20
84 84 0 0
62 62 0 0
10 15 42 37
0 19 31 12
54 104 142 92
27 53 58 32
133 133 0 0
53 53 0 0
42 42 0 0
0 19 29 10
0 0 0 0
28 28 0 0
16 16 0 0
4 4 0 0
0 0 0 0
0 0 0 0
96 96 7 7
50 74 50 26
59 67 12 4
23 23 0 0
0 28 36 8
19 20 19 18
0 0 0 0
73 73 16 16
20 37 60 43
27 27 0 0
82 87 19 14
24 24 0 0
0 0 0 0
36 36 0 0
71 71 0 0
79 79 0 0
111 110 27 28
0 2 21 19
44 49 39 34
15 63 66 18
24 24 15 15
0 17 26 9
97 103 6 0
88 88 0 0
65 63 5 7
0 20 30 10
49 61 12 0
40 40 0 0
0 86 98 12
7 24 17 0
90 90 0 0
0 0 0 0
30 41 13 2
0 19 23 4
508 508 0 0
1 45 70 26
69 69 0 0
0 0 0 0
18 64 68 22
17 20 7 4
113 113 0 0
0 0 0 0
52 62 19 9
40 46 6 0
57 57 0 0
29 29 0 0
45 45 0 0
0 0 0 0
94 117 44 21
42 42 0 0
80 80 0 0
65 65 0 0
44 44 0 0
0 0 0 0
43 43 0 0
0 22 22 0
30 30 0 0
0 0 0 0
22 16 31 37
45 45 0 0
131 140 11 2
58 58 0 0
6 34 37 9
25 38 14 1
99 128 79 50
59 69 20 10
168 217 78 29
189 199 12 2
54 105 53 2
0 9 31 22
137 137 0 0
59 59 0 0
57 57 0 0
15 14 4 5
35 35 0 0
1 1 0 0
12 23 47 36
0 20 32 12
753 753 0 0
128 128 0 0
13 99 103 17
34 38 4 0
39 37 0 2
45 45 0 0
4 59 145 90
44 44 0 0
95 158 76 13
14 14 0 0
2 81 105 26
12 5 18 25
111 111 0 0
34 34 0 0
158 158 7 7
3 48 99 54
144 144 0 0
83 83 0 0
128 141 13 0
91 109 29 11
9 9 0 0
0 0 0 0
87 87 0 0
0 0 18 18
242 242 0 0
50 50 0 0
125 125 0 0
38 34 0 4
57 57 0 0
0 0 0 0
1 112 129 18
0 8 31 23
117 128 11 0
0 14 120 106
0 8 46 38
28 28 0 0
0 60 95 35
56 67 12 1
78 78 7 7
0 6 15 9
128 151 53 30
9 9 0 0
4 4 0 0
6 4 16 18
95 147 53 1
152 149 3 6
3 27 93 69
0 34 81 47
61 61 0 0
31 31 0 0
497 497 0 0
64 64 0 0
98 99 1 0
24 36 43 31
48 48 0 0
37 37 0 0
203 195 9 17
0 0 0 0
10 48 62 24
23 23 0 0
248 259 18 7
29 50 48 27
64 64 0 0
12 33 21 0
334 335 1 0
60 60 0 0
248 248 0 0
180 180 0 0
35 49 19 5
23 23 0 0
114 114 0 0
34 34 0 0
64 87 34 11
2 45 56 13
42 45 3 0
27 31 9 5
445 445 0 0
0 0 0 0
62 62 0 0
7 7 0 0
103 103 0 0
27 27 0 0
87 87 0 0
77 77 0 0
61 61 0 0
25 28 35 32
155 155 0 0
93 93 0 0
61 68 30 23
40 40 0 0
75 75 12 12
46 46 0 0
41 41 0 0
0 36 36 0
68 68 0 0
25 25 0 0
82 82 0 0
0 10 42 32
0 0 0 0
42 42 0 0
2 89 140 53
112 112 32 32
5 5 0 0
0 0 0 0
80 80 1 1
56 56 0 0
0 0 0 0
19 19 0 0
100 100 0 0
24 24 0 0
104 104 0 0
3 3 5 5
0 0 0 0
0 0 0 0
0 93 116 23
0 12 39 27
63 63 0 0
40 40 0 0
132 136 4 0
0 47 60 13
609 609 0 0
101 101 0 0
106 108 24 22
0 18 25 7
148 183 41 6
74 78 4 0
174 166 12 20
36 36 0 0
54 58 72 68
8 30 59 37
204 204 0 0
47 47 0 0
143 170 48 21
169 169 0 0
140 140 0 0
64 64 0 0
448 471 33 10
56 56 0 0
0 22 70 48
25 25 0 0
86 99 57 44
45 45 0 0
145 167 34 12
105 105 0 0
74 102 37 9
30 68 50 12
137 141 18 14
85 158 90 17
11 86 152 77
0 0 0 0
41 47 18 12
59 59 0 0
65 55 111 121
0 34 69 35
48 48 0 0
48 48 0 0
63 71 8 0
58 50 24 32
18 39 21 0
0 36 51 15
100 100 0 0
125 141 16 0
0 0 0 0
17 17 0 0
156 184 100 72
61 61 0 0
36 40 5 1
42 46 11 7
62 62 0 0
38 43 6 1
301 325 45 21
28 85 67 10
120 122 2 0
40 40 3 3
4 4 0 0
70 70 0 0
202 220 30 12
66 64 18 20
18 39 28 7
25 25 0 0
33 55 33 11
12 16 27 23
175 181 16 10
110 110 2 2
602 602 0 0
108 111 3 0
81 83 11 9
34 34 0 0
138 142 4 0
35 35 0 0
75 75 0 0
43 43 0 0
49 49 0 0
19 19 0 0
45 45 0 0
0 20 20 0
92 117 33 8
63 84 21 0
221 221 0 0
84 84 0 0
96 96 0 0
29 29 0 0
10 84 135 61
0 57 65 8
93 102 43 34
3 28 31 6
12 12 0 0
51 51 0 0
0 65 75 10
0 29 33 4
154 234 140 60
4 4 0 0
0 0 0 0
37 37 0 0
45 45 0 0
0 21 21 0
45 45 0 0
22 22 0 0
261 324 168 105
42 43 1 0
47 67 20 0
36 67 34 3
52 52 0 0
0 0 0 0
65 65 0 0
37 36 4 5
6 45 75 36
19 19 0 0
221 221 0 0
25 25 0 0
0 29 39 10
0 3 36 33
116 120 12 8
55 60 5 0
186 203 25 8
32 32 0 0
119 119 0 0
21 21 0 0
61 61 0 0
58 58 0 0
46 46 0 0
12 25 21 8
97 97 0 0
39 39 0 0
109 109 0 0
28 28 0 0
0 25 53 28
33 33 0 0
132 142 10 0
31 26 4 9
8 40 86 54
0 17 58 41
126 126 0 0
98 97 2 3
39 54 24 9
2 12 11 1
57 57 0 0
8 23 29 14
407 407 0 0
20 20 0 0
86 86 0 0
0 26 30 4
32 43 11 0
0 4 35 31
406 406 0 0
30 30 0 0
0 100 218 118
0 8 17 9
106 110 16 12
0 14 49 35
110 110 0 0
0 22 32 10
170 170 0 0
29 29 0 0
8 8 0 0
0 0 0 0
114 114 0 0
15 15 0 0
49 49 0 0
0 17 25 8
64 64 0 0
29 29 0 0
0 19 37 18
2 13 40 29
0 28 32 4
33 33 0 0
229 233 4 0
110 114 8 4
102 118 20 4
24 41 18 1
87 87 0 0
0 13 16 3
95 101 14 8
38 38 0 0
132 132 0 0
32 32 0 0
0 0 0 0
57 57 0 0
39 39 0 0
33 33 0 0
60 93 34 1
26 26 0 0
166 166 0 0
116 116 0 0
99 99 0 0
0 3 31 28
0 0 0 0
0 0 0 0
64 64 0 0
9 21 12 0
19 24 5 0
0 10 21 11
89 128 84 45
5 5 12 12
71 71 0 0
23 23 0 0
70 81 11 0
15 25 10 0
51 38 30 43
7 33 59 33
116 116 0 0
23 23 0 0
99 105 6 0
21 21 0 0
0 0 0 0
0 0 0 0
89 89 0 0
32 32 0 0
4 14 38 28
0 0 22 22
72 72 0 0
0 20 31 11
454 436 36 54
0 0 0 0
79 155 133 57
140 150 10 0
143 143 0 0
0 0 0 0
87 153 84 18
0 41 64 23
1 81 118 38
44 44 0 0
39 70 81 50
81 87 9 3
62 84 25 3
41 41 0 0
276 276 0 0
52 52 0 0
0 0 0 0
0 0 0 0
155 158 12 9
68 83 15 0
5 5 0 0
0 0 0 0
98 98 0 0
86 86 0 0
31 31 0 0
0 27 30 3
0 8 81 73
1 8 14 7
0 36 67 31
0 0 0 0
66 66 0 0
32 32 0 0
518 519 7 6
104 104 0 0
189 189 0 0
112 112 0 0
136 139 3 0
50 50 0 0
143 138 3 8
52 52 0 0
6 41 38 3
0 27 37 10
19 43 24 0
32 32 0 0
5 37 73 41
33 30 9 12
75 76 1 0
61 61 0 0
157 157 0 0
18 18 0 0
160 155 9 14
118 131 48 35
88 88 0 0
0 52 82 30
96 96 0 0
49 49 0 0
28 28 0 0
0 0 0 0
0 0 0 0
0 0 0 0
1 40 72 33
57 57 0 0
265 293 42 14
94 122 45 17
32 47 15 0
75 77 2 0
78 78 0 0
31 31 0 0
59 75 16 0
23 21 0 2
48 48 0 0
7 12 13 8
5 52 55 8
21 21 0 0
129 150 38 17
76 78 2 0
0 0 0 0
0 0 0 0
166 204 57 19
7 92 121 36
0 0 0 0
0 16 24 8
56 56 0 0
19 19 0 0
333 338 5 0
120 117 4 7
290 293 8 5
195 206 23 12
302 302 1 1
86 86 0 0
61 61 0 0
0 4 10 6
185 188 14 11
20 20 0 0
60 59 12 13
57 57 0 0
78 78 0 0
16 45 67 38
104 119 28 13
15 15 0 0
86 86 0 0
33 35 45 43
198 212 28 14
94 112 39 21
80 80 0 0
0 16 33 17
0 0 0 0
24 24 0 0
0 62 104 42
0 8 17 9
250 284 41 7
0 54 54 0
164 164 0 0
0 0 0 0
60 60 0 0
11 17 13 7
196 218 95 73
12 12 0 0
98 119 42 21
21 21 0 0
67 67 0 0
0 2 40 38
28 38 20 10
29 29 0 0
66 66 0 0
0 0 0 0
0 0 0 0
0 0 0 0
64 64 0 0
97 97 0 0
33 47 52 38
5 14 16 7
30 30 0 0
38 38 0 0
90 109 45 26
8 27 145 126
11 54 53 10
38 38 10 10
31 36 25 20
43 43 0 0
55 55 0 0
0 9 30 21
91 125 34 0
38 38 0 0
97 128 106 75
23 61 70 32
3 114 127 16
0 36 45 9
116 116 0 0
39 66 37 10
86 197 149 38
0 90 102 12
0 0 0 0
0 0 0 0
50 103 84 31
20 17 28 31
53 47 1 7
51 51 0 0
102 102 0 0
35 35 0 0
0 57 62 5
0 0 0 0
138 147 9 0
19 22 14 11
0 46 85 39
36 36 0 0
92 96 14 10
65 65 18 18
0 42 84 42
0 49 79 30
71 71 0 0
2 2 0 0
0 0 0 0
0 14 19 5
111 126 17 2
38 38 0 0
134 136 2 0
148 148 0 0
234 261 72 45
1 30 35 6
56 56 0 0
2 2 0 0
0 32 72 40
0 9 21 12
78 78 0 0
18 25 12 5
6 37 97 66
13 13 0 0
125 127 2 0
9 34 30 5
173 173 0 0
8 44 47 11
78 78 0 0
0 0 0 0
72 81 38 29
23 16 2 9
72 118 49 3
0 0 0 0
634 721 145 58
64 68 15 11
50 46 5 9
29 29 0 0
0 0 0 0
4 10 8 2
3 37 59 25
0 27 71 44
39 39 0 0
2 2 35 35
64 116 52 0
33 33 0 0
433 438 5 0
65 62 0 3
116 116 0 0
32 33 1 0
59 59 0 0
0 0 0 0
2 2 0 0
0 0 0 0
0 0 0 0
158 158 0 0
198 198 0 0
34 39 5 0
168 204 36 0
66 66 0 0
1 33 62 30
63 63 0 0
8 23 15 0
0 23 35 12
163 166 23 20
22 22 0 0
78 78 0 0
0 49 82 33
209 209 0 0
7 14 10 3
233 248 27 12
9 24 52 37
119 122 6 3
49 49 0 0
66 66 0 0
81 81 0 0
44 65 69 48
47 63 16 0
64 67 10 7
0 0 11 11
39 40 22 21
55 55 0 0
55 70 22 7
33 33 0 0
196 200 8 4
12 12 0 0
50 53 39 36
7 56 58 9
96 96 0 0
26 45 41 22
138 147 40 31
80 89 33 24
301 293 45 53
4 6 18 16
93 93 0 0
0 25 30 5
2 86 119 35
85 85 0 0
303 328 35 10
52 41 0 11
336 336 0 0
38 38 0 0
61 61 0 0
2 45 63 20
0 21 54 33
26 26 0 0
14 101 169 82
0 24 35 11
8 128 279 159
0 11 21 10
65 72 7 0
34 34 0 0
136 147 14 3
1 60 71 12
26 55 39 10
23 23 0 0
62 74 12 0
76 76 0 0
88 88 0 0
0 43 71 28
164 164 0 0
95 95 0 0
162 180 23 5
115 115 0 0
157 157 9 9
21 21 0 0
54 54 21 21
77 77 0 0
217 217 0 0
127 127 0 0
11 11 18 18
28 28 0 0
23 23 0 0
9 34 34 9
30 85 72 17
63 63 0 0
10 26 36 20
41 41 0 0
0 0 0 0
0 0 0 0
0 0 0 0
44 44 0 0
125 134 26 17
6 9 12 9
0 25 42 17
1 9 10 2
262 262 0 0
31 31 0 0
64 64 0 0
0 0 0 0
0 0 0 0
0 0 0 0
64 199 169 34
15 15 0 0
41 76 49 14
4 4 0 0
47 40 15 22
0 32 35 3
74 74 0 0
0 0 0 0
170 179 12 3
46 61 15 0
65 69 8 4
17 17 0 0
0 0 0 0
11 11 0 0
47 72 29 4
0 7 15 8
402 430 28 0
123 127 121 117
4 133 249 120
16 19 3 0
172 172 0 0
69 69 0 0
131 136 15 10
44 44 0 0
0 17 36 19
33 35 2 0
193 193 0 0
83 83 0 0
318 346 39 11
158 158 0 0
71 119 52 4
75 74 5 6
62 72 17 7
0 10 17 7
35 35 0 0
39 39 0 0
100 104 21 17
66 66 0 0
123 133 35 25
20 20 0 0
173 198 25 0
188 215 27 0
0 71 151 80
0 71 86 15
0 49 69 20
2 8 6 0
238 249 48 37
66 66 0 0
293 293 0 0
0 0 0 0
75 75 0 0
45 45 0 0
257 259 4 2
4 15 38 27
94 101 11 4
23 29 6 0
7 53 55 9
49 50 1 0
0 89 190 101
0 32 40 8
139 147 19 11
65 65 0 0
81 81 6 6
62 62 0 0
104 104 0 0
30 27 9 12
109 121 28 16
0 1 1 0
0 36 45 9
0 4 16 12
0 0 0 0
55 55 0 0
64 64 0 0
34 34 0 0
77 92 44 29
38 38 0 0
1 159 218 60
0 118 150 32
57 64 28 21
3 16 13 0
0 0 0 0
0 0 0 0
146 143 0 3
67 67 0 0
71 78 7 0
56 56 0 0
125 138 13 0
33 33 11 11
44 44 0 0
0 15 22 7
5 35 54 24
5 5 0 0
79 116 80 43
85 82 10 13
157 171 28 14
118 135 35 18
198 198 0 0
101 94 0 7
146 146 0 0
12 18 6 0
0 53 106 53
24 24 0 0
266 266 0 0
62 62 2 2
152 153 5 4
127 124 0 3
48 63 71 56
88 88 0 0
33 38 13 8
8 14 27 21
568 568 0 0
51 51 0 0
0 14 76 62
0 16 25 9
0 34 54 20
13 13 0 0
186 186 0 0
20 20 0 0
214 217 7 4
142 142 0 0
67 67 0 0
0 23 27 4
94 94 0 0
0 0 0 0
4 6 63 61
1 1 0 0
131 131 0 0
35 35 0 0
95 113 69 51
65 65 0 0
71 65 10 16
30 44 14 0
196 196 0 0
190 190 0 0
86 86 0 0
0 0 0 0
51 51 0 0
24 24 0 0
100 100 0 0
0 19 22 3
60 60 0 0
48 48 2 2
109 109 4 4
8 12 4 0
488 488 0 0
249 249 3 3
19 26 17 10
0 0 0 0
4 4 0 0
87 87 0 0
130 150 64 44
1 6 33 28
36 36 0 0
0 75 92 17
185 208 27 4
0 0 0 0
58 54 6 10
28 28 0 0
81 81 0 0
48 48 0 0
28 48 30 10
61 61 0 0
2 0 4 6
72 72 0 0
147 159 12 0
32 36 11 7
13 12 9 10
0 0 0 0
100 100 0 0
30 30 0 0
81 87 9 3
16 28 12 0
50 72 36 14
0 24 31 7
0 11 21 10
16 16 0 0
0 0 0 0
0 30 38 8
111 148 45 8
24 24 0 0
301 301 0 0
18 18 0 0
203 203 0 0
7 7 0 0
51 52 1 0
2 14 40 28
0 0 0 0
0 0 0 0
144 144 0 0
118 118 0 0
53 65 23 11
25 58 74 41
106 139 97 64
17 17 0 0
70 70 0 0
0 5 16 11
181 191 68 58
153 153 10 10
115 115 0 0
15 15 0 0
139 139 0 0
48 48 0 0
57 57 0 0
0 15 27 12
129 184 74 19
0 0 0 0
27 89 62 0
0 10 42 32
79 79 0 0
39 41 7 5
63 63 0 0
4 32 52 24
0 41 64 23
3 3 0 0
55 52 0 3
39 39 0 0
7 67 102 42
88 93 5 0
86 117 33 2
16 14 51 53
0 10 34 24
0 11 22 11
272 281 23 14
117 109 0 8
172 178 6 0
53 53 0 0
118 116 7 9
50 50 0 0
130 140 41 31
60 59 0 1
92 92 0 0
76 80 6 2
0 17 56 39
36 36 0 0
197 197 0 0
23 25 2 0
71 93 45 23
85 85 0 0
89 92 10 7
2 20 99 81
45 45 0 0
30 30 0 0
96 96 0 0
40 40 0 0
0 71 146 75
0 24 45 21
24 31 36 29
32 32 0 0
33 33 0 0
0 15 28 13
0 23 49 26
47 47 0 0
148 170 44 22
0 22 33 11
0 50 77 27
42 51 9 0
71 84 19 6
18 18 0 0
93 104 11 0
0 0 0 0
140 160 20 0
1 90 106 17
302 352 71 21
5 5 0 0
69 69 0 0
18 25 22 15
21 28 7 0
15 16 24 23
110 110 0 0
56 56 0 0
90 95 5 0
36 36 0 0
0 33 77 44
0 13 31 18
144 144 0 0
0 0 0 0
0 26 44 18
52 52 0 0
39 39 14 14
0 0 0 0
56 90 47 13
12 12 0 0
154 272 188 70
8 46 69 31
101 115 14 0
28 28 17 17
76 76 0 0
30 30 0 0
84 84 0 0
18 21 3 0
117 120 13 10
0 0 0 0
66 66 0 0
2 11 20 11
59 59 0 0
67 67 0 0
202 202 0 0
17 109 143 51
51 51 0 0
32 32 0 0
7 20 35 22
0 15 15 0
68 85 60 43
18 63 70 25
83 83 0 0
37 37 0 0
161 161 0 0
11 11 0 0
62 67 6 1
0 5 12 7
44 44 0 0
0 9 12 3
63 63 0 0
15 28 24 11
29 29 0 0
0 18 29 11
416 422 9 3
112 128 16 0
200 200 0 0
149 149 0 0
80 76 21 25
33 33 29 29
5 61 56 0
15 29 28 14
120 124 29 25
28 43 15 0
69 69 0 0
0 3 40 37
55 55 0 0
40 40 0 0
167 169 2 0
49 49 0 0
150 150 0 0
17 44 52 25
45 45 0 0
12 26 26 12
0 85 108 23
54 54 0 0
4 156 203 51
49 51 2 0
1 81 115 35
0 27 27 0
95 92 0 3
15 21 33 27
58 58 0 0
45 45 0 0
60 60 0 0
19 25 6 0
110 110 0 0
68 82 15 1
54 91 37 0
14 37 48 25
102 117 15 0
8 8 0 0
15 25 14 4
0 0 0 0
37 56 36 17
0 0 0 0
135 129 0 6
0 43 52 9
9 23 14 0
54 54 0 0
24 46 28 6
31 31 0 0
107 107 0 0
23 23 0 0
384 395 14 3
42 42 16 16
585 643 60 2
119 119 0 0
228 228 0 0
86 86 4 4
101 87 4 18
35 55 75 55
0 101 110 9
0 17 46 29
0 12 20 8
0 7 13 6
0 14 37 23
0 26 26 0
3 100 163 66
17 18 1 0
170 170 0 0
56 57 9 8
65 71 6 0
0 5 21 16
47 61 17 3
10 19 21 12
206 208 2 0
0 5 5 0
88 103 25 10
82 82 0 0
2 2 0 0
0 0 0 0
4 95 131 40
0 48 54 6
89 102 13 0
29 29 0 0
0 0 0 0
0 7 40 33
59 59 0 0
19 29 13 3
53 114 61 0
12 18 10 4
60 58 7 9
52 52 0 0
0 0 0 0
16 16 0 0
165 165 0 0
17 65 101 53
105 105 0 0
40 39 13 14
270 305 47 12
27 27 0 0
69 74 5 0
97 97 0 0
221 221 0 0
117 118 1 0
0 85 107 22
0 32 52 20
60 60 0 0
36 36 5 5
162 183 31 10
22 22 0 0
55 55 12 12
19 19 0 0
11 38 40 13
44 44 0 0
127 127 0 0
16 16 0 0
160 175 23 8
23 34 24 13
186 255 81 12
77 77 0 0
0 13 33 20
6 3 13 16
72 72 0 0
6 44 60 22
113 111 9 11
1 50 57 8
160 188 81 53
41 44 3 0
168 168 0 0
175 175 0 0
47 68 21 0
7 29 29 7
24 48 67 43
23 23 0 0
329 353 24 0
62 100 58 20
88 91 17 14
71 71 0 0
132 132 0 0
65 65 0 0
396 396 0 0
0 0 0 0
76 76 0 0
69 69 0 0
0 0 0 0
0 0 0 0
22 22 0 0
0 0 0 0
143 150 7 0
135 135 0 0
0 44 62 18
24 24 0 0
0 0 0 0
0 0 0 0
70 72 2 0
63 63 0 0
50 50 0 0
41 41 3 3
61 81 71 51
3 28 61 36
199 199 0 0
250 250 0 0
51 46 0 5
34 48 18 4
120 120 0 0
49 49 0 0
153 169 16 0
71 71 0 0
101 101 0 0
46 46 0 0
561 563 2 0
22 22 0 0
0 27 39 12
0 29 33 4
254 275 34 13
34 34 0 0
125 140 15 0
19 19 0 0
414 414 0 0
158 158 0 0
68 68 0 0
0 32 78 46
139 153 29 15
0 6 37 31
24 24 0 0
0 14 30 16
41 65 24 0
0 20 33 13
59 59 0 0
2 11 22 13
38 140 141 39
35 35 5 5
71 71 2 2
3 3 0 0
38 53 15 0
24 24 0 0
54 54 0 0
0 10 17 7
6 64 115 57
0 18 53 35
133 133 0 0
80 83 3 0
119 119 0 0
97 97 0 0
27 27 0 0
0 24 24 0
103 103 13 13
61 91 49 19
175 196 49 28
28 34 6 0
73 73 0 0
1 6 26 21
9 51 50 8
19 20 11 10
167 311 363 219
8 8 0 0
280 301 46 25
32 32 0 0
64 96 47 15
30 30 0 0
87 91 4 0
0 5 19 14
16 72 165 109
22 56 34 0
2 29 44 17
0 8 25 17
111 111 0 0
54 54 0 0
80 157 128 51
7 96 114 25
131 131 0 0
54 54 0 0
121 125 5 1
18 23 5 0
78 78 0 0
2 16 42 28
47 55 64 56
13 17 10 6
80 102 22 0
0 0 0 0
124 125 11 10
47 47 0 0
56 61 7 2
0 0 0 0
42 60 18 0
0 33 42 9
38 93 129 74
42 46 22 18
132 132 0 0
0 13 27 14
0 11 34 23
0 30 34 4
6 27 58 37
13 14 6 5
131 145 14 0
60 65 10 5
76 76 0 0
48 48 0 0
90 90 0 0
51 51 0 0
96 125 61 32
0 0 0 0
242 259 60 43
35 102 100 33
92 81 60 71
0 30 48 18
32 96 76 12
58 65 10 3
91 101 28 18
31 31 0 0
158 239 128 47
100 100 0 0
7 7 0 0
45 45 0 0
107 107 0 0
4 70 92 26
88 116 40 12
30 59 29 0
101 131 48 18
89 89 0 0
363 429 87 21
132 148 20 4
0 34 87 53
0 12 30 18
23 28 5 0
43 41 0 2
94 98 46 42
9 9 0 0
124 185 107 46
32 32 0 0
158 182 24 0
27 27 0 0
195 195 0 0
17 17 0 0
72 72 9 9
58 110 52 0
0 0 0 0
0 0 0 0
123 123 0 0
38 38 0 0
79 106 34 7
0 11 11 0
115 121 28 22
0 0 0 0
337 337 0 0
91 91 0 0
9 40 54 23
19 19 0 0
80 80 0 0
0 0 0 0
192 287 170 75
17 38 74 53
79 79 0 0
30 30 0 0
43 109 121 55
1 10 25 16
203 203 0 0
32 32 0 0
76 77 1 0
3 29 35 9
71 127 91 35
0 9 36 27
78 85 20 13
38 38 0 0
82 87 14 9
86 86 0 0
62 62 0 0
23 35 29 17
0 0 0 0
45 45 0 0
93 93 0 0
0 0 0 0
0 0 0 0
7 22 37 22
0 0 0 0
0 0 0 0
36 67 31 0
0 0 0 0
6 6 0 0
0 0 0 0
100 109 26 17
90 90 5 5
9 51 100 58
46 46 0 0
0 34 60 26
43 43 0 0
62 88 28 2
17 7 8 18
73 98 40 15
23 23 0 0
54 54 0 0
47 44 0 3
71 71 0 0
54 64 17 7
782 793 11 0
48 57 16 7
0 0 0 0
0 0 0 0
95 95 17 17
0 5 25 20
101 110 9 0
65 65 0 0
132 184 52 0
84 109 77 52
195 193 2 4
22 22 0 0
57 57 0 0
0 19 22 3
355 444 136 47
81 88 7 0
105 104 19 20
14 14 0 0
0 97 142 45
15 27 25 13
39 41 2 0
59 62 3 0
91 91 0 0
0 0 0 0
43 43 0 0
56 56 0 0
6 55 83 34
24 31 26 19
83 85 8 6
0 5 19 14
162 177 31 16
47 47 0 0
281 295 29 15
70 70 0 0
0 42 50 8
25 25 0 0
151 151 0 0
21 21 0 0
89 89 0 0
0 0 0 0
53 120 78 11
28 28 0 0
90 131 44 3
45 45 8 8
2 16 38 24
12 12 0 0
105 105 0 0
20 20 0 0
25 68 56 13
28 24 29 33
102 123 25 4
0 5 27 22
0 0 0 0
20 20 0 0
36 29 24 31
1 13 28 16
0 15 29 14
18 18 0 0
77 105 30 2
0 0 18 18
96 95 13 14
48 48 0 0
67 67 0 0
92 92 7 7
54 54 0 0
0 15 28 13
284 301 24 7
76 76 0 0
549 551 2 0
75 75 14 14
6 5 40 41
18 18 0 0
80 80 0 0
13 23 16 6
256 270 21 7
0 15 23 8
59 59 0 0
37 37 0 0
1 13 29 17
1 19 18 0
185 185 0 0
46 46 0 0
10 124 161 47
0 3 14 11
36 36 8 8
0 0 0 0
14 31 17 0
0 5 12 7
0 29 87 58
0 25 50 25
44 44 0 0
23 23 0 0
283 313 40 10
20 52 43 11
0 0 0 0
71 71 0 0
57 53 0 4
0 5 12 7
243 243 0 0
51 59 8 0
104 104 0 0
26 26 0 0
205 323 238 120
13 13 0 0
104 103 0 1
0 0 0 0
59 59 0 0
44 44 0 0
127 137 36 26
13 23 10 0
172 172 0 0
79 84 13 8
0 40 54 14
0 0 15 15
254 254 0 0
14 14 0 0
501 501 0 0
32 33 1 0
121 155 105 71
13 28 27 12
147 172 35 10
0 2 20 18
90 105 28 13
1 45 65 21
46 60 61 47
62 62 0 0
85 85 0 0
16 65 49 0
138 140 5 3
40 40 0 0
186 186 0 0
162 162 0 0
65 63 36 38
12 18 32 26
26 52 26 0
45 45 0 0
79 100 21 0
18 43 82 57
0 20 28 8
29 29 0 0
288 273 29 44
173 173 0 0
0 22 38 16
16 16 0 0
27 123 162 66
41 41 0 0
84 84 0 0
78 78 0 0
59 59 0 0
89 89 0 0
52 52 0 0
140 140 0 0
100 100 3 3
42 42 0 0
57 57 0 0
39 39 0 0
0 0 0 0
0 17 28 11
77 127 50 0
0 12 17 5
633 633 0 0
37 37 0 0
430 430 0 0
0 0 0 0
2 15 95 82
16 16 0 0
113 113 0 0
69 69 0 0
0 64 88 24
0 34 45 11
54 88 59 25
14 14 0 0
214 230 20 4
15 15 0 0
0 0 0 0
0 9 11 2
77 77 0 0
5 28 23 0
68 81 32 19
58 91 38 5
47 45 1 3
0 56 67 11
137 137 0 0
31 31 0 0
0 0 0 0
0 0 0 0
84 84 0 0
21 19 8 10
16 70 158 104
24 24 0 0
68 79 29 18
38 46 40 32
17 17 0 0
6 6 0 0
6 55 75 26
67 67 0 0
145 147 2 0
61 101 40 0
0 21 50 29
44 44 0 0
79 79 0 0
29 29 0 0
22 69 84 37
0 31 37 6
62 60 0 2
27 27 0 0
52 52 0 0
0 19 40 21
0 0 0 0
0 0 0 0
0 0 0 0
9 9 3 3
53 53 0 0
0 17 32 15
215 307 224 132
0 6 25 19
47 52 16 11
42 42 0 0
37 37 0 0
11 24 27 14
54 56 40 38
10 50 59 19
106 106 0 0
89 89 0 0
34 106 99 27
27 45 39 21
71 71 0 0
41 41 0 0
143 143 0 0
9 9 0 0
137 137 0 0
137 137 0 0
31 56 40 15
34 34 0 0
91 187 134 38
10 23 44 31
13 82 99 30
59 59 0 0
84 81 0 3
42 42 0 0
16 55 39 0
30 23 0 7
65 69 4 0
34 34 0 0
35 65 47 17
49 49 0 0
49 49 0 0
46 52 6 0
43 44 6 5
0 0 0 0
52 52 0 0
0 23 36 13
218 218 0 0
130 130 0 0
89 89 0 0
91 91 0 0
22 210 320 132
50 104 101 47
153 149 5 9
63 63 0 0
89 80 0 9
60 60 0 0
86 92 32 26
33 39 6 0
61 61 0 0
59 59 0 0
0 0 0 0
0 6 21 15
102 102 0 0
7 14 14 7
84 84 0 0
21 21 0 0
41 41 0 0
13 29 26 10
381 381 0 0
23 21 2 4
3 109 151 45
3 12 15 6
116 116 0 0
0 0 0 0
113 124 22 11
35 35 0 0
87 87 0 0
35 35 0 0
1 21 41 21
4 7 22 19
0 12 40 28
15 15 0 0
107 107 0 0
61 61 27 27
40 49 18 9
36 36 0 0
82 82 0 0
61 61 0 0
89 92 3 0
30 30 0 0
0 6 56 50
30 30 0 0
75 103 28 0
3 19 35 19
85 85 0 0
0 0 16 16
0 0 0 0
0 67 116 49
70 70 0 0
50 62 24 12
0 20 55 35
1 7 6 0
36 37 2 1
0 16 27 11
142 142 0 0
26 26 0 0
77 77 0 0
25 26 2 1
124 141 17 0
75 78 7 4
88 88 0 0
28 28 0 0
0 34 92 58
0 45 45 0
0 0 0 0
0 0 0 0
103 134 31 0
61 61 0 0
46 46 0 0
0 0 0 0
22 22 0 0
0 2 2 0
50 49 13 14
0 12 18 6
107 107 0 0
37 37 0 0
197 242 99 54
7 52 70 25
0 0 0 0
0 20 33 13
100 100 0 0
27 27 0 0
90 95 5 0
29 29 0 0
32 70 58 20
25 25 0 0
0 0 0 0
45 45 0 0
0 0 0 0
0 0 0 0
44 57 24 11
42 42 0 0
129 162 58 25
39 39 0 0
109 124 15 0
0 0 0 0
0 0 0 0
0 0 0 0
127 154 49 22
63 133 86 16
46 76 30 0
12 66 66 12
71 71 0 0
19 12 20 27
27 33 14 8
0 0 0 0
29 72 89 46
4 4 0 0
49 49 0 0
30 30 7 7
173 171 0 2
27 27 0 0
83 83 3 3
62 62 2 2
161 161 0 0
74 74 0 0
220 224 4 0
26 35 12 3
55 55 0 0
0 13 26 13
51 52 6 5
24 27 17 14
142 154 14 2
41 41 0 0
312 312 0 0
33 33 0 0
137 130 0 7
109 109 0 0
8 31 42 19
0 0 19 19
86 86 0 0
70 70 0 0
0 0 0 0
22 22 0 0
250 250 0 0
42 42 0 0
136 136 0 0
117 125 8 0
68 68 0 0
59 61 5 3
53 57 4 0
24 48 26 2
61 61 0 0
0 0 0 0
92 75 7 24
0 8 15 7
99 99 0 0
22 22 4 4
98 98 0 0
0 0 0 0
167 170 16 13
29 31 2 0
98 151 85 32
62 62 13 13
95 99 52 48
0 38 59 21
195 195 0 0
42 42 0 0
85 85 0 0
18 18 0 0
149 149 0 0
72 72 0 0
186 186 0 0
69 69 0 0
188 205 21 4
43 43 0 0
138 144 6 0
10 60 57 7
0 58 74 16
7 7 0 0
115 115 0 0
46 46 0 0
87 103 81 65
11 42 47 16
47 63 16 0
31 31 0 0
18 44 26 0
99 99 0 0
70 68 0 2
40 40 0 0
0 0 0 0
0 16 33 17
0 0 0 0
76 76 0 0
165 172 7 0
46 46 0 0
0 67 116 49
16 15 0 1
93 93 9 9
45 45 0 0
66 92 34 8
89 89 0 0
328 328 0 0
206 206 0 0
93 93 0 0
35 35 0 0
40 79 40 1
0 12 61 49
144 144 0 0
67 79 22 10
0 0 0 0
0 0 0 0
126 126 0 0
31 31 0 0
42 42 0 0
40 40 0 0
54 98 44 0
34 34 0 0
36 36 0 0
4 11 15 8
50 50 0 0
41 45 9 5
53 53 0 0
2 29 37 10
12 12 0 0
76 76 0 0
181 255 181 107
15 49 34 0
37 60 52 29
0 32 58 26
60 65 9 4
33 33 0 0
120 120 7 7
22 22 0 0
0 0 0 0
37 37 0 0
483 493 17 7
102 102 0 0
107 107 0 0
65 65 0 0
323 432 166 57
98 124 45 19
88 88 0 0
0 26 40 14
113 130 17 0
26 26 0 0
62 167 241 136
17 97 119 39
70 87 29 12
17 17 0 0
118 191 81 8
30 44 38 24
215 232 20 3
0 40 67 27
0 17 37 20
23 23 0 0
178 178 0 0
0 0 0 0
0 48 70 22
1 26 49 24
15 55 62 22
0 18 32 14
46 50 21 17
0 2 23 21
28 53 83 58
28 28 0 0
32 72 93 53
26 50 64 40
135 139 4 0
133 133 0 0
360 387 130 103
93 93 0 0
3 36 50 17
42 42 0 0
0 0 0 0
54 54 0 0
19 23 31 27
7 39 36 4
0 9 47 38
0 10 20 10
112 135 57 34
25 25 0 0
78 78 0 0
1 22 31 10
74 74 0 0
34 34 0 0
88 88 0 0
57 57 0 0
52 52 0 0
0 0 0 0
68 68 0 0
59 59 0 0
88 93 23 18
0 0 30 30
0 0 0 0
0 0 0 0
52 56 4 0
0 10 20 10
19 63 59 15
1 19 31 13
0 5 25 20
34 32 0 2
5 10 5 0
26 48 22 0
130 133 13 10
42 43 1 0
13 13 0 0
21 21 0 0
128 128 0 0
46 46 0 0
47 127 91 11
0 22 32 10
646 646 0 0
49 49 0 0
70 70 6 6
0 16 25 9
60 60 0 0
23 22 8 9
170 170 0 0
1 33 56 24
687 687 0 0
23 23 0 0
100 100 0 0
52 66 33 19
90 129 65 26
44 44 0 0
96 93 6 9
46 46 0 0
134 128 48 54
1 1 0 0
0 0 0 0
0 0 0 0
94 107 13 0
63 58 0 5
36 50 46 32
78 78 0 0
96 108 14 2
37 34 3 6
0 38 44 6
0 9 15 6
173 173 0 0
100 100 0 0
0 41 137 96
38 38 0 0
209 221 16 4
66 66 0 0
0 41 41 0
14 14 0 0
1 42 95 54
0 81 100 19
55 91 36 0
34 34 0 0
87 87 0 0
0 6 19 13
82 83 7 6
55 71 39 23
327 332 5 0
184 196 19 7
61 63 31 29
90 90 0 0
284 284 0 0
41 42 4 3
107 107 0 0
99 91 0 8
79 81 25 23
80 80 0 0
103 103 0 0
16 30 14 0
68 70 17 15
25 25 0 0
0 67 171 104
8 44 77 41
196 242 75 29
53 128 90 15
123 143 25 5
16 16 0 0
20 45 73 48
34 34 0 0
120 120 0 0
60 70 10 0
0 0 0 0
37 37 0 0
0 2 25 23
0 0 0 0
90 113 130 107
19 19 0 0
239 239 0 0
198 198 0 0
72 77 24 19
0 23 66 43
0 68 68 0
32 32 0 0
70 120 74 24
55 55 0 0
70 70 0 0
56 58 2 0
62 62 0 0
0 19 22 3
108 114 6 0
18 18 11 11
190 190 0 0
42 42 0 0
47 47 0 0
7 24 24 7
0 0 0 0
0 0 0 0
45 45 0 0
0 0 0 0
111 123 18 6
21 73 58 6
30 30 0 0
0 0 0 0
11 46 53 18
39 39 0 0
114 114 0 0
78 78 0 0
0 40 46 6
29 29 0 0
43 43 0 0
6 17 19 8
122 145 23 0
20 20 0 0
27 27 0 0
15 27 22 10
161 158 14 17
78 162 93 9
98 101 11 8
0 5 16 11
832 900 114 46
0 28 41 13
0 25 56 31
40 40 0 0
164 165 1 0
35 30 11 16
0 0 0 0
28 28 0 0
0 0 0 0
29 29 0 0
115 117 2 0
30 30 0 0
139 145 6 0
35 35 0 0
94 94 0 0
15 20 5 0
6 22 28 12
39 39 0 0
57 57 0 0
72 64 6 14
0 0 0 0
23 23 0 0
22 16 22 28
14 14 0 0
0 73 81 8
0 32 46 14
0 62 135 73
71 71 0 0
198 215 46 29
22 49 27 0
347 364 36 19
0 18 20 2
207 207 0 0
34 34 0 0
88 88 6 6
44 44 0 0
81 81 0 0
6 13 7 0
2 7 24 19
27 28 30 29
1 23 40 18
4 20 20 4
76 76 0 0
50 50 0 0
73 73 0 0
18 18 0 0
126 126 0 0
23 23 0 0
6 178 204 32
0 79 118 39
0 0 0 0
0 0 0 0
33 33 0 0
0 15 30 15
71 71 0 0
49 52 6 3
0 33 43 10
0 14 32 18
79 70 2 11
0 6 16 10
116 113 9 12
4 24 71 51
0 0 0 0
41 41 0 0
36 36 0 0
0 23 47 24
62 62 0 0
60 60 0 0
249 273 35 11
43 43 0 0
0 0 0 0
17 18 7 6
26 26 0 0
0 0 0 0
41 49 17 9
18 18 0 0
88 88 0 0
0 17 50 33
4 102 137 39
41 51 41 31
18 37 37 18
17 40 30 7
1 50 61 12
2 8 27 21
0 0 0 0
0 9 28 19
45 45 0 0
0 37 40 3
2 34 54 22
0 0 0 0
43 43 0 0
28 28 0 0
51 51 0 0
50 50 0 0
160 160 0 0
6 29 30 7
108 108 0 0
0 51 58 7
165 168 7 4
26 26 0 0
51 51 0 0
2 0 4 6
1 63 142 80
59 59 0 0
56 56 0 0
29 29 0 0
17 17 0 0
65 65 0 0
46 57 11 0
0 24 33 9
0 31 53 22
35 31 1 5
62 58 7 11
35 35 0 0
21 23 73 71
0 7 21 14
25 83 134 76
0 7 19 12
6 6 0 0
0 32 47 15
19 136 175 58
61 71 21 11
112 112 0 0
16 9 11 18
286 285 16 17
50 50 0 0
0 0 0 0
0 0 0 0
65 86 31 10
0 38 49 11
0 0 0 0
20 20 0 0
92 111 21 2
44 44 0 0
323 324 48 47
0 0 0 0
37 60 39 16
53 50 11 14
112 124 37 25
91 91 0 0
133 156 29 6
24 32 34 26
109 205 239 143
48 48 0 0
146 170 66 42
155 157 2 0
95 93 14 16
12 12 0 0
198 198 0 0
2 31 39 10
26 43 52 35
0 2 2 0
0 0 54 54
0 5 16 11
24 30 74 68
65 67 2 0
69 69 0 0
5 20 42 27
94 100 6 0
36 41 11 6
203 198 2 7
41 41 0 0
0 50 50 0
0 20 49 29
33 33 0 0
0 0 0 0
110 115 29 24
0 78 102 24
113 113 0 0
0 43 79 36
22 22 0 0
0 0 0 0
203 211 17 9
0 8 16 8
116 116 0 0
105 105 0 0
126 134 8 0
29 29 0 0
69 73 35 31
10 10 0 0
195 206 27 16
75 75 0 0
436 452 16 0
69 72 4 1
65 65 0 0
44 44 0 0
263 311 73 25
134 134 31 31
122 138 16 0
61 61 0 0
139 139 0 0
70 70 0 0
61 85 32 8
7 54 61 14
121 121 0 0
108 108 0 0
54 56 5 3
0 51 60 9
30 35 5 0
8 13 21 16
66 66 0 0
16 39 23 0
45 69 44 20
6 20 14 0
180 191 11 0
116 116 0 0
55 55 0 0
0 0 0 0
92 92 0 0
65 65 0 0
77 79 27 25
6 6 0 0
104 114 21 11
25 34 18 9
50 50 0 0
1 18 20 3
52 52 0 0
60 60 0 0
2 39 113 76
0 5 42 37
12 12 0 0
0 0 0 0
67 87 25 5
5 41 51 15
135 137 2 0
6 11 32 27
114 114 0 0
0 19 19 0
0 0 0 0
11 36 35 10
5 103 133 35
0 17 29 12
40 78 93 55
26 26 0 0
0 38 59 21
34 34 0 0
144 144 0 0
27 40 23 10
0 0 0 0
0 0 0 0
117 117 33 33
57 105 67 19
21 26 18 13
21 21 0 0
0 40 45 5
37 37 0 0
87 130 82 39
8 17 31 22
10 21 34 23
19 19 0 0
75 75 0 0
41 41 0 0
111 111 0 0
16 16 0 0
128 128 0 0
7 13 16 10
22 22 0 0
20 20 0 0
145 145 0 0
56 56 0 0
75 75 0 0
41 41 0 0
10 41 36 5
26 26 0 0
0 0 0 0
59 59 0 0
56 56 0 0
9 9 0 0
99 106 31 24
0 3 15 12
52 52 0 0
0 16 31 15
62 62 0 0
0 0 0 0
61 61 0 0
6 34 28 0
72 72 0 0
2 0 2 4
48 48 0 0
34 48 28 14
154 154 0 0
0 22 30 8
57 61 4 0
2 16 14 0
93 95 10 8
37 40 3 0
4 42 63 25
0 14 34 20
71 71 0 0
52 52 0 0
20 39 25 6
0 18 22 4
110 110 0 0
10 10 0 0
29 44 35 20
32 32 0 0
25 103 132 54
10 10 0 0
101 142 88 47
0 28 68 40
252 252 0 0
69 131 89 27
202 211 16 7
81 81 0 0
82 82 0 0
3 21 23 5
0 0 0 0
0 0 0 0
9 9 0 0
33 33 0 0
0 91 130 39
0 14 33 19
107 114 30 23
19 19 0 0
74 74 0 0
70 84 29 15
99 125 32 6
47 47 0 0
470 470 0 0
1 55 57 3
174 174 0 0
27 27 0 0
195 195 0 0
28 28 0 0
0 0 0 0
45 45 0 0
96 96 0 0
0 15 33 18
59 93 63 29
57 78 38 17
16 29 38 25
30 30 0 0
70 70 0 0
0 13 19 6
0 51 71 20
23 23 0 0
147 147 0 0
24 24 0 0
217 220 31 28
100 106 6 0
91 94 3 0
0 0 0 0
0 38 43 5
19 19 0 0
0 0 0 0
0 0 0 0
0 0 0 0
0 0 0 0
0 49 65 16
34 31 17 20
85 402 409 92
32 37 11 6
0 12 32 20
0 21 44 23
95 99 4 0
15 15 0 0
0 19 39 20
16 13 0 3
0 0 0 0
7 2 5 10
167 167 0 0
0 0 0 0
14 60 144 98
8 10 7 5
56 56 0 0
49 49 0 0
125 125 0 0
84 84 0 0
78 78 0 0
97 97 0 0
57 57 0 0
0 0 0 0
144 144 0 0
0 0 0 0
89 163 85 11
136 138 8 6
149 149 0 0
16 16 0 0
32 39 7 0
44 44 0 0
0 33 52 19
13 13 0 0
99 99 6 6
8 8 0 0
58 53 3 8
24 31 7 0
125 160 53 18
61 61 0 0
18 39 82 61
0 2 9 7
87 87 0 0
26 26 0 0
92 92 0 0
11 35 36 12
64 64 0 0
22 34 12 0
170 170 0 0
54 58 4 0
190 190 0 0
0 0 0 0
116 116 0 0
25 25 0 0
153 153 0 0
151 151 0 0
66 66 0 0
27 27 0 0
0 35 84 49
52 52 0 0
60 60 0 0
42 60 21 3
125 125 0 0
0 0 0 0
221 221 0 0
0 13 21 8
69 96 85 58
0 0 0 0
1 50 95 46
39 41 7 5
129 129 0 0
32 32 0 0
59 59 0 0
0 9 24 15
94 106 35 23
27 27 0 0
166 170 14 10
32 50 37 19
53 53 0 0
10 25 47 32
45 90 104 59
120 120 6 6
0 106 123 17
20 20 0 0
0 0 0 0
40 35 1 6
0 42 100 58
5 8 18 15
143 170 59 32
113 120 7 0
114 117 8 5
50 50 0 0
26 45 28 9
0 18 34 16
169 165 0 4
69 116 49 2
108 108 0 0
48 48 0 0
63 63 0 0
26 19 1 8
26 23 0 3
0 17 21 4
63 77 34 20
39 39 0 0
101 126 30 5
50 50 0 0
124 124 0 0
64 64 0 0
159 157 16 18
10 10 0 0
44 44 0 0
3 3 0 0
218 218 0 0
0 0 0 0
0 0 0 0
1 9 19 11
293 293 0 0
40 40 0 0
108 108 0 0
0 14 35 21
73 121 51 3
25 25 0 0
59 59 0 0
0 25 25 0
74 74 0 0
82 97 19 4
24 76 61 9
0 0 0 0
56 54 0 2
0 38 44 6
56 56 0 0
0 5 14 9
0 0 28 28
0 11 36 25
300 300 0 0
13 13 18 18
251 251 0 0
8 8 0 0
68 67 3 4
0 28 33 5
69 79 28 18
42 56 14 0
39 39 0 0
2 20 35 17
41 41 0 0
54 54 0 0
105 105 0 0
4 26 27 5
41 41 0 0
3 3 0 0
51 52 35 34
0 30 67 37
190 242 101 49
8 10 34 32
66 66 0 0
0 0 0 0
118 118 0 0
34 56 27 5
35 95 83 23
20 20 0 0
0 49 117 68
0 21 70 49
40 38 15 17
32 32 0 0
68 76 9 1
58 59 4 3
0 0 0 0
0 0 0 0
0 14 30 16
18 18 0 0
0 0 0 0
8 10 18 16
116 136 21 1
3 33 66 36
225 225 63 63
107 107 0 0
0 0 0 0
28 28 0 0
164 212 63 15
96 98 2 0
48 48 46 46
11 33 37 15
142 142 0 0
58 58 0 0
30 122 159 67
3 55 52 0
73 70 41 44
3 14 18 7
204 206 2 0
38 38 0 0
62 62 0 0
2 2 15 15
2 45 62 19
6 0 23 29
325 325 0 0
29 29 0 0
227 227 0 0
0 0 0 0
91 100 9 0
68 68 0 0
75 76 52 51
0 27 97 70
29 96 155 88
0 35 114 79
144 147 8 5
22 22 0 0
141 142 1 0
27 27 0 0
122 122 0 0
78 78 0 0
81 76 0 5
77 77 0 0
70 127 97 40
59 68 9 0
221 242 21 0
5 63 68 10
30 21 3 12
0 24 28 4
45 52 12 5
12 12 0 0
42 42 0 0
3 12 13 4
102 112 17 7
77 77 0 0
61 82 40 19
28 28 0 0
140 140 0 0
109 109 0 0
100 107 7 0
35 35 0 0
0 66 139 73
48 49 1 0
83 105 51 29
0 20 86 66
119 119 0 0
59 59 0 0
51 51 0 0
19 36 17 0
145 147 2 0
83 83 0 0
103 103 0 0
90 90 0 0
103 103 0 0
30 30 0 0
26 26 0 0
0 0 0 0
17 86 147 78
26 26 0 0
69 69 0 0
45 45 0 0
49 49 0 0
0 53 76 23
131 131 0 0
0 16 22 6
158 158 0 0
0 0 0 0
46 46 0 0
5 19 23 9
629 629 0 0
11 11 0 0
89 89 0 0
49 53 4 0
162 150 0 12
93 93 0 0
105 105 0 0
63 63 0 0
71 71 6 6
18 18 0 0
503 663 241 81
64 110 63 17
0 26 48 22
52 52 0 0
14 154 203 63
39 47 12 4
23 46 52 29
0 20 26 6
0 35 57 22
0 22 47 25
40 40 0 0
0 3 7 4
0 0 0 0
0 0 0 0
1 81 100 20
5 45 48 8
62 62 0 0
38 38 0 0
3 1 42 44
0 34 38 4
37 35 20 22
48 48 0 0
134 134 0 0
0 0 0 0
95 95 0 0
94 94 6 6
60 60 0 0
2 4 10 8
61 58 0 3
37 42 28 23
94 94 0 0
52 52 0 0
167 172 12 7
19 19 0 0
123 123 0 0
25 25 0 0
171 171 0 0
4 11 7 0
42 42 0 0
0 12 43 31
56 56 0 0
21 21 0 0
213 209 53 57
95 102 9 2
8 32 34 10
0 29 52 23
0 0 0 0
95 95 0 0
0 0 0 0
0 0 0 0
0 0 0 0
70 70 0 0
425 429 4 0
89 96 7 0
0 22 62 40
15 15 0 0
66 64 1 3
53 53 0 0
281 300 36 17
143 153 26 16
55 55 0 0
0 25 25 0
33 33 0 0
0 31 36 5
140 142 28 26
7 5 0 2
0 18 47 29
15 21 22 16
358 358 9 9
56 56 0 0
50 50 0 0
38 36 12 14
172 174 2 0
0 0 0 0
73 73 0 0
0 0 23 23
118 154 50 14
164 182 21 3
113 117 4 0
66 66 0 0
93 100 7 0
74 74 0 0
114 114 0 0
0 0 0 0
185 189 22 18
16 16 0 0
23 148 187 62
0 0 0 0
92 92 0 0
98 98 0 0
175 165 1 11
100 119 19 0
85 99 99 85
90 102 12 0
169 169 0 0
14 48 46 12
59 65 13 7
72 72 0 0
408 419 11 0
149 161 24 12
43 125 99 17
109 120 11 0
4 26 99 77
3 26 34 11
183 184 57 56
40 43 3 0
50 75 31 6
30 30 0 0
190 214 55 31
10 10 2 2
0 0 0 0
13 13 0 0
15 31 31 15
0 4 24 20
139 133 7 13
56 64 8 0
155 155 0 0
87 87 0 0
0 36 155 119
0 10 35 25
4 107 235 132
54 54 0 0
120 120 0 0
23 62 42 3
136 136 0 0
0 0 0 0
0 0 0 0
21 21 0 0
6 63 70 13
35 32 15 18
106 106 0 0
0 28 59 31
0 0 0 0
16 16 0 0
84 81 0 3
44 44 0 0
0 123 260 137
35 35 2 2
288 288 0 0
0 0 0 0
125 125 13 13
22 22 0 0
47 105 63 5
62 62 0 0
78 79 8 7
0 0 0 0
25 25 0 0
10 20 57 47
16 34 30 12
44 44 0 0
0 0 0 0
28 28 0 0
164 175 16 5
71 62 0 9
124 124 0 0
18 18 0 0
88 103 54 39
0 13 29 16
116 117 8 7
37 37 0 0
0 0 0 0
2 40 42 4
117 117 13 13
0 27 32 5
133 180 79 32
37 50 45 32
96 96 0 0
0 11 20 9
43 43 0 0
0 2 19 17
157 157 0 0
0 0 0 0
6 36 82 52
67 67 0 0
2 65 98 35
0 16 16 0
79 79 0 0
0 26 88 62
19 91 124 52
0 35 65 30
38 53 36 21
32 32 0 0
68 68 0 0
43 43 0 0
0 0 0 0
40 40 0 0
244 263 23 4
47 88 57 16
121 122 1 0
41 41 0 0
74 74 8 8
19 21 2 0
0 0 0 0
0 0 0 0
62 71 21 12
0 0 0 0
173 173 0 0
112 112 5 5
92 93 1 0
1 35 44 10
30 108 132 54
101 101 0 0
1 37 57 21
24 24 0 0
57 69 17 5
0 0 0 0
0 0 0 0
26 26 0 0
322 318 2 6
85 92 7 0
0 0 0 0
61 61 0 0
122 139 17 0
42 49 8 1
69 68 1 2
47 53 12 6
7 19 35 23
0 0 0 0
95 95 0 0
41 41 0 0
91 91 0 0
72 72 0 0
0 58 61 3
10 10 12 12
78 72 4 10
31 31 0 0
30 30 0 0
87 87 0 0
12 140 144 16
39 72 63 30
66 81 19 4
52 54 12 10
0 32 57 25
1 65 66 2
170 170 0 0
79 79 0 0
0 17 31 14
0 8 25 17
0 37 83 46
0 9 31 22
118 143 25 0
112 112 2 2
66 66 0 0
5 10 37 32
92 92 0 0
0 2 39 37
74 74 0 0
0 15 17 2
16 16 0 0
78 78 6 6
67 90 25 2
41 41 0 0
32 48 26 10
35 35 0 0
69 79 17 7
32 32 0 0
153 152 17 18
7 72 69 4
37 62 50 25
25 25 0 0
13 13 0 0
30 30 0 0
19 39 20 0
30 30 0 0
0 0 0 0
25 25 0 0
155 165 10 0
104 121 64 47
184 196 54 42
42 42 0 0
137 137 0 0
68 99 42 11
150 192 69 27
0 12 37 25
15 29 45 31
22 22 0 0
22 22 0 0
52 52 0 0
70 70 0 0
31 31 0 0
167 164 41 44
20 20 0 0
71 75 13 9
0 31 33 2
321 328 20 13
192 203 17 6
139 139 0 0
0 0 12 12
152 152 0 0
99 103 4 0
63 63 0 0
0 0 0 0
278 314 45 9
35 79 49 5
171 171 0 0
0 43 65 22
85 85 0 0
70 75 52 47
73 73 0 0
0 0 0 0
1 103 125 23
0 0 23 23
3 15 39 27
26 14 5 17
534 534 0 0
55 55 0 0
0 0 0 0
26 26 0 0
74 74 0 0
48 43 1 6
0 99 125 26
0 56 76 20
92 92 0 0
54 49 2 7
89 100 14 3
40 60 38 18
80 87 14 7
73 73 0 0
228 228 0 0
74 74 0 0
14 19 31 26
23 23 0 0
4 4 0 0
53 53 0 0
340 340 0 0
0 0 0 0
134 134 0 0
12 12 0 0
60 69 9 0
2 52 62 12
23 23 0 0
2 2 0 0
44 97 91 38
0 39 46 7
46 46 0 0
0 12 22 10
393 406 42 29
250 250 0 0
350 368 18 0
32 39 21 14
102 111 14 5
81 81 0 0
74 79 10 5
31 23 15 23
29 29 0 0
43 57 17 3
32 48 16 0
30 30 0 0
0 13 46 33
42 40 0 2
41 41 0 0
21 37 17 1
171 167 4 8
92 110 33 15
61 69 27 19
1 22 44 23
76 76 0 0
24 45 41 20
52 52 0 0
3 13 33 23
94 94 0 0
5 6 18 17
0 24 129 105
0 0 0 0
0 52 72 20
0 22 45 23
0 19 41 22
0 23 37 14
140 141 27 26
32 32 0 0
0 32 84 52
0 9 30 21
32 24 44 52
47 47 0 0
88 88 0 0
0 2 30 28
0 0 0 0
0 0 0 0
1 81 164 84
32 39 7 0
158 154 0 4
89 89 0 0
50 84 76 42
33 33 0 0
0 47 65 18
22 22 0 0
119 119 0 0
44 44 0 0
22 22 0 0
28 28 0 0
381 474 187 94
17 17 0 0
0 45 84 39
0 11 19 8
69 69 0 0
0 48 65 17
0 24 49 25
6 19 18 5
30 30 0 0
0 3 21 18
0 0 0 0
27 27 0 0
129 204 145 70
31 53 45 23
44 78 52 18
37 37 5 5
0 0 0 0
7 12 5 0
20 81 95 34
2 75 94 21
58 58 0 0
0 34 51 17
60 60 0 0
0 8 22 14
0 0 0 0
0 0 0 0
351 359 8 0
14 48 43 9
0 59 63 4
0 0 0 0
0 0 0 0
0 0 0 0
24 40 65 49
13 13 0 0
86 86 0 0
0 43 47 4
37 37 0 0
0 0 0 0
21 32 55 44
21 23 16 14
137 146 21 12
58 58 0 0
1 66 82 17
2 7 5 0
506 527 23 2
41 64 27 4
83 83 0 0
74 74 0 0
0 34 154 120
82 86 4 0
140 140 0 0
39 93 82 28
0 0 0 0
45 45 0 0
68 74 10 4
30 36 6 0
90 90 0 0
28 35 7 0
0 0 0 0
53 50 3 6
41 41 0 0
0 37 37 0
13 85 91 19
9 9 0 0
36 36 0 0
3 13 23 13
63 61 3 5
24 24 0 0
80 80 0 0
0 0 0 0
61 61 0 0
0 0 0 0
527 540 32 19
153 153 0 0
73 77 5 1
0 0 0 0
162 163 5 4
58 62 4 0
30 30 0 0
21 21 0 0
0 24 82 58
0 24 43 19
0 19 42 23
0 16 25 9
260 267 7 0
131 141 21 11
162 162 0 0
6 11 15 10
28 26 20 22
0 0 0 0
0 58 80 22
23 23 0 0
57 95 38 0
68 68 0 0
296 296 0 0
35 35 0 0
309 311 5 3
27 30 3 0
54 54 0 0
0 0 0 0
102 108 29 23
0 90 124 34
0 0 0 0
17 17 0 0
36 87 144 93
46 46 0 0
59 59 0 0
37 44 7 0
80 80 0 0
0 14 32 18
35 35 0 0
23 23 0 0
116 116 0 0
30 30 0 0
0 0 0 0
21 21 0 0
145 181 41 5
78 78 0 0
0 33 56 23
18 18 0 0
0 0 0 0
30 30 0 0
163 163 0 0
28 28 0 0
30 70 57 17
42 42 0 0
473 474 1 0
85 85 0 0
8 8 0 0
168 168 0 0
81 81 0 0
27 27 0 0
102 108 22 16
27 27 0 0
7 30 33 10
3 17 21 7
0 28 54 26
22 22 0 0
103 103 0 0
9 9 0 0
85 141 71 15
49 49 0 0
42 35 7 14
4 33 29 0
55 55 0 0
32 32 0 0
0 16 33 17
0 23 23 0
104 104 0 0
37 37 0 0
31 42 53 42
18 18 0 0
0 22 39 17
0 10 16 6
343 345 2 0
58 58 0 0
12 165 207 54
17 26 11 2
369 369 0 0
0 0 0 0
241 249 8 0
132 196 85 21
0 20 72 52
19 19 0 0
272 272 0 0
59 73 17 3
0 13 29 16
0 0 0 0
64 64 0 0
44 46 2 0
44 61 20 3
0 31 43 12
73 73 0 0
46 46 0 0
4 26 29 7
37 37 0 0
44 44 0 0
0 0 0 0
225 225 5 5
106 107 1 0
117 229 186 74
14 27 32 19
65 65 0 0
47 47 0 0
141 141 0 0
12 7 0 5
0 0 0 0
0 0 0 0
38 76 45 7
35 35 0 0
103 103 0 0
0 4 4 0
196 221 59 34
69 60 0 9
0 0 0 0
17 17 0 0
0 0 0 0
4 36 32 0
80 80 0 0
19 19 0 0
201 201 7 7
2 31 68 39
75 109 43 9
93 93 0 0
95 98 3 0
34 35 1 0
0 0 0 0
1 1 0 0
28 28 0 0
4 48 52 8
43 43 0 0
49 49 0 0
112 129 39 22
51 68 20 3
62 63 1 0
0 11 20 9
99 114 19 4
79 114 35 0
158 162 31 27
0 0 0 0
109 109 0 0
96 96 0 0
43 43 0 0
0 21 25 4
143 143 0 0
41 41 0 0
0 38 69 31
55 55 0 0
88 87 0 1
0 16 30 14
146 155 15 6
0 0 0 0
91 105 18 4
18 18 0 0
251 300 55 6
74 78 5 1
65 86 34 13
39 39 0 0
17 65 119 71
3 10 15 8
0 0 0 0
30 30 0 0
31 31 0 0
0 18 50 32
33 33 5 5
27 25 9 11
18 44 245 219
1 31 50 20
156 156 0 0
62 62 0 0
65 65 0 0
4 4 0 0
0 0 0 0
0 0 0 0
0 0 0 0
0 0 0 0
201 201 0 0
11 11 0 0
101 101 0 0
12 11 7 8
0 0 0 0
22 22 0 0
171 171 0 0
49 40 0 9
743 833 130 40
349 363 14 0
173 176 8 5
122 130 26 18
0 58 116 58
0 38 52 14
88 88 0 0
67 67 0 0
3 68 100 35
0 15 26 11
90 90 2 2
0 29 41 12
3 6 3 0
15 10 17 22
90 110 28 8
51 51 0 0
222 225 3 0
99 114 15 0
42 131 138 49
0 11 18 7
164 349 263 78
0 0 0 0
111 136 38 13
40 40 0 0
40 40 0 0
0 0 0 0
27 36 10 1
0 8 16 8
631 631 0 0
87 87 0 0
4 89 176 91
24 28 38 34
11 22 38 27
29 29 0 0
23 23 0 0
108 108 0 0
47 47 0 0
63 63 0 0
2 74 80 8
28 28 0 0
24 130 133 27
0 15 46 31
58 58 0 0
50 50 0 0
85 85 0 0
42 42 0 0
0 0 0 0
0 0 0 0
1 15 45 31
13 13 0 0
76 76 0 0
0 0 0 0
124 124 0 0
21 21 0 0
11 15 14 10
23 29 13 7
59 59 0 0
19 35 25 9
147 149 16 14
41 41 0 0
49 46 0 3
53 53 0 0
48 48 6 6
0 24 55 31
23 36 27 14
0 23 40 17
194 194 0 0
58 58 0 0
0 30 53 23
0 17 23 6
83 110 32 5
0 6 23 17
83 83 0 0
5 21 25 9
2 2 0 0
0 0 0 0
600 662 157 95
94 102 8 0
0 22 33 11
20 20 0 0
120 128 29 21
1 86 104 19
70 70 0 0
44 29 15 30
110 110 2 2
4 4 0 0
0 0 0 0
27 27 0 0
179 212 57 24
85 85 0 0
265 271 21 15
57 72 38 23
96 96 0 0
0 9 17 8
3 14 52 41
0 12 27 15
94 104 15 5
50 50 0 0
58 69 11 0
0 17 38 21
100 104 20 16
103 103 0 0
172 169 29 32
45 45 0 0
8 166 200 42
19 19 0 0
109 111 3 1
57 57 0 0
87 87 0 0
46 46 0 0
306 306 0 0
7 7 0 0
116 116 0 0
20 20 0 0
0 52 100 48
0 8 29 21
197 197 0 0
6 49 52 9
1 52 69 18
22 23 18 17
60 62 7 5
58 58 0 0
0 15 36 21
29 29 0 0
106 106 0 0
4 20 21 5
124 137 18 5
50 50 0 0
20 73 131 78
90 90 0 0
0 17 49 32
17 17 0 0
80 80 0 0
62 62 0 0
97 116 19 0
37 38 17 16
82 82 0 0
38 43 5 0
66 103 147 110
149 143 2 8
0 39 45 6
9 9 11 11
110 110 3 3
75 79 4 0
193 208 20 5
140 140 0 0
0 25 34 9
22 22 0 0
45 45 0 0
2 30 28 0
84 84 0 0
0 0 0 0
0 6 31 25
22 22 0 0
0 24 69 45
0 26 36 10
137 154 34 17
115 115 0 0
2 8 6 0
0 19 29 10
47 47 0 0
1 31 30 0
0 19 33 14
0 11 37 26
35 43 10 2
38 50 12 0
0 16 54 38
53 53 0 0
9 37 50 22
22 27 9 4
165 214 72 23
71 71 0 0
227 227 0 0
51 51 0 0
92 92 8 8
72 72 0 0
783 783 0 0
46 46 0 0
66 77 15 4
35 35 10 10
0 17 60 43
26 26 0 0
0 0 0 0
17 17 0 0
17 62 56 11
0 8 23 15
147 181 48 14
0 29 52 23
77 77 0 0
7 16 26 17
35 35 0 0
0 6 15 9
99 99 25 25
0 0 0 0
26 30 31 27
25 30 5 0
29 29 0 0
123 123 0 0
28 39 11 0
0 36 69 33
77 127 50 0
48 50 2 0
68 75 24 17
38 61 24 1
38 43 5 0
0 2 27 25
128 165 44 7
55 55 0 0
0 10 48 38
0 22 48 26
0 55 59 4
0 0 0 0
91 91 0 0
52 52 0 0
59 65 7 1
68 68 0 0
54 54 0 0
0 20 34 14
111 167 63 7
22 22 0 0
327 327 0 0
49 47 11 13
1 23 33 11
31 31 0 0
0 0 0 0
0 0 0 0
69 85 46 30
19 19 0 0
111 114 8 5
0 11 19 8
251 251 0 0
69 69 0 0
50 49 2 3
0 17 37 20
233 233 0 0
219 219 0 0
86 86 0 0
39 39 0 0
52 52 0 0
31 31 0 0
0 26 43 17
0 16 44 28
68 76 8 0
75 75 0 0
101 101 2 2
108 108 0 0
0 0 0 0
0 0 0 0
38 50 22 10
0 28 33 5
0 0 0 0
57 57 0 0
127 138 19 8
6 71 102 37
51 52 7 6
0 0 0 0
91 91 0 0
50 50 0 0
119 119 0 0
130 130 0 0
102 103 14 13
25 25 0 0
70 70 0 0
43 43 0 0
249 249 0 0
90 90 0 0
256 255 0 1
136 135 5 6
34 54 20 0
33 33 0 0
1 83 101 19
33 33 0 0
69 89 24 4
26 26 0 0
134 145 15 4
37 53 16 0
100 142 58 16
61 61 0 0
54 54 0 0
28 28 0 0
77 87 21 11
0 0 0 0
39 39 0 0
0 0 0 0
200 215 15 0
34 34 0 0
0 9 50 41
26 26 0 0
154 154 0 0
0 0 0 0
74 74 2 2
33 39 8 2
79 79 0 0
1 31 33 3
86 103 38 21
76 73 0 3
182 451 405 136
39 39 0 0
77 77 18 18
36 44 18 10
86 85 7 8
0 48 72 24
87 87 0 0
0 19 44 25
179 212 43 10
165 179 14 0
2 43 59 18
2 22 32 12
350 358 25 17
94 94 0 0
112 117 12 7
65 65 0 0
164 186 47 25
150 162 21 9
11 11 0 0
0 0 21 21
87 87 0 0
30 26 16 20
137 137 0 0
0 0 0 0
138 137 51 52
85 85 0 0
82 108 37 11
24 24 0 0
121 146 30 5
0 12 24 12
73 73 0 0
69 69 0 0
76 74 2 4
1 26 87 62
42 52 10 0
9 24 24 9
106 106 0 0
0 0 0 0
172 180 32 24
42 40 2 4
93 113 28 8
51 54 7 4
61 154 142 49
25 25 0 0
0 10 28 18
0 20 30 10
22 22 0 0
19 21 15 13
72 78 6 0
1 33 54 22
39 39 0 0
27 44 21 4
122 129 7 0
0 43 51 8
115 115 0 0
0 8 15 7
4 3 4 5
33 33 0 0
58 53 35 40
0 1 3 2
66 66 0 0
41 41 0 0
165 166 3 2
51 51 0 0
0 0 0 0
71 71 0 0
608 608 0 0
74 74 0 0
0 0 0 0
0 0 0 0
1 27 90 64
23 20 3 6
339 339 0 0
111 113 14 12
35 35 0 0
42 53 11 0
139 219 121 41
0 35 50 15
0 38 75 37
0 29 43 14
74 74 0 0
50 50 12 12
82 90 11 3
4 38 80 46
0 21 37 16
0 10 14 4
114 114 39 39
38 42 20 16
0 67 87 20
11 49 57 19
7 1 60 66
10 40 36 6
0 0 0 0
0 0 0 0
43 43 0 0
27 27 0 0
17 25 53 45
42 42 0 0
51 69 27 9
23 23 0 0
118 118 0 0
56 56 5 5
63 63 0 0
16 10 27 33
197 218 25 4
0 20 24 4
1 25 48 24
0 0 44 44
153 165 12 0
30 30 0 0
1 104 215 112
20 20 0 0
19 67 120 72
16 57 92 51
0 49 75 26
3 33 39 9
0 91 103 12
0 33 75 42
0 21 21 0
3 3 0 0
103 103 0 0
56 72 23 7
96 104 18 10
43 43 0 0
64 64 0 0
36 36 0 0
20 20 0 0
7 0 7 14
1 65 116 52
27 19 31 39
63 66 3 0
0 24 30 6
5 26 31 10
0 0 0 0
0 12 39 27
18 18 0 0
23 132 232 123
0 30 71 41
43 43 0 0
0 7 14 7
55 298 416 173
38 56 23 5
90 90 0 0
20 20 0 0
66 73 7 0
40 40 0 0
51 51 0 0
0 22 28 6
104 122 18 0
9 9 20 20
83 137 146 92
0 58 89 31
71 71 0 0
20 20 4 4
189 189 0 0
112 112 0 0
0 0 0 0
0 27 43 16
83 106 40 17
0 9 13 4
81 81 0 0
64 46 7 25
98 124 26 0
32 73 68 27
101 101 0 0
29 29 0 0
34 26 26 34
23 23 0 0
61 61 0 0
37 42 14 9
0 36 59 23
34 34 0 0
114 233 291 172
17 19 9 7
44 44 0 0
0 8 18 10
160 175 47 32
145 145 0 0
289 314 57 32
21 29 28 20
22 25 3 0
0 7 16 9
0 21 53 32
42 42 0 0
131 131 0 0
0 0 0 0
0 0 0 0
21 21 0 0
0 76 99 23
0 41 77 36
121 121 0 0
56 51 13 18
88 88 0 0
75 75 0 0
156 156 0 0
1 15 14 0
457 553 190 94
130 168 38 0
121 137 49 33
69 77 8 0
76 81 16 11
24 24 0 0
13 53 51 11
16 27 11 0
12 12 0 0
0 0 0 0
197 198 1 0
36 38 2 0
51 51 0 0
10 26 21 5
238 263 54 29
75 76 22 21
75 75 0 0
25 25 0 0
38 50 12 0
0 17 32 15
194 194 0 0
70 70 0 0
120 120 0 0
73 73 0 0
118 118 0 0
47 47 0 0
78 78 0 0
0 7 13 6
290 290 0 0
9 9 0 0
74 74 0 0
3 3 0 0
69 69 0 0
30 36 14 8
33 55 42 20
57 57 0 0
0 0 0 0
10 18 12 4
128 128 0 0
0 0 0 0
0 0 0 0
0 0 0 0
105 161 58 2
146 156 10 0
65 68 6 3
0 0 0 0
0 0 0 0
0 0 0 0
35 42 23 16
55 55 0 0
279 304 26 1
13 23 41 31
216 216 0 0
121 121 8 8
233 233 0 0
17 17 0 0
131 131 0 0
75 75 0 0
52 66 14 0
0 6 11 5
94 97 3 0
87 104 20 3
6 74 100 32
7 7 0 0
59 68 9 0
38 38 0 0
263 263 0 0
79 101 27 5
153 158 5 0
36 36 0 0
66 66 3 3
0 42 74 32
0 38 67 29
36 36 0 0
61 72 18 7
0 51 82 31
0 14 48 34
0 1 29 28
0 0 0 0
14 14 0 0
61 61 0 0
52 52 0 0
0 28 39 11
27 27 0 0
0 26 26 0
30 30 0 0
34 34 0 0
0 0 0 0
79 79 0 0
72 72 0 0
80 71 0 9
53 53 0 0
57 86 44 15
3 6 25 22
1 31 42 12
13 9 0 4
0 10 52 42
0 0 18 18
0 16 39 23
23 27 10 6
48 87 40 1
24 46 26 4
12 76 141 77
0 0 0 0
0 66 145 79
10 19 20 11
0 99 110 11
17 73 75 19
60 56 17 21
7 21 14 0
61 61 7 7
21 21 0 0
40 76 41 5
5 8 6 3
103 103 0 0
51 51 0 0
97 208 176 65
71 71 0 0
0 108 129 21
18 34 16 0
0 17 69 52
9 5 30 34
36 40 14 10
42 36 10 16
353 353 0 0
0 0 0 0
101 101 0 0
45 45 0 0
0 62 91 29
46 46 0 0
88 88 0 0
0 32 42 10
22 21 30 31
0 8 31 23
35 51 34 18
0 0 0 0
0 0 0 0
0 0 0 0
665 665 0 0
117 117 0 0
0 9 32 23
7 22 19 4
53 48 2 7
0 13 32 19
33 33 0 0
2 16 29 15
77 116 65 26
122 122 0 0
50 70 25 5
27 36 36 27
106 109 3 0
36 55 44 25
117 117 0 0
48 69 34 13
81 125 47 3
58 62 12 8
80 81 3 2
44 70 26 0
115 138 27 4
7 106 138 39
69 101 51 19
0 0 0 0
0 27 54 27
29 29 0 0
56 56 0 0
53 53 0 0
67 67 0 0
0 13 42 29
0 0 0 0
1 42 56 15
45 74 43 14
0 20 21 1
1 1 0 0
35 35 0 0
101 101 0 0
11 15 4 0
125 125 0 0
40 40 0 0
0 0 0 0
37 37 0 0
8 42 44 10
0 11 21 10
73 93 44 24
73 87 14 0
95 111 36 20
35 35 0 0
24 45 28 7
52 52 0 0
34 58 78 54
13 13 0 0
61 61 0 0
2 36 34 0
22 37 28 13
26 26 0 0
59 60 5 4
5 22 24 7
0 0 0 0
48 48 0 0
47 90 54 11
16 16 0 0
112 112 0 0
70 70 0 0
106 118 12 0
6 31 66 41
12 12 0 0
0 14 28 14
62 62 0 0
43 43 0 0
0 0 0 0
80 80 1 1
279 328 148 99
92 121 79 50
93 142 49 0
61 61 0 0
128 161 33 0
9 9 6 6
37 75 82 44
13 47 84 50
0 0 0 0
0 0 0 0
0 11 33 22
0 8 18 10
111 111 0 0
72 72 0 0
141 141 0 0
0 0 0 0
26 26 0 0
34 47 18 5
39 39 0 0
7 5 25 27
15 15 0 0
27 27 0 0
8 68 140 80
15 83 105 37
0 11 42 31
2 6 4 0
196 196 0 0
62 62 0 0
101 124 66 43
28 34 6 0
62 62 0 0
2 2 0 0
67 75 14 6
59 59 0 0
80 80 0 0
43 42 16 17
112 139 60 33
62 62 0 0
24 40 33 17
0 33 42 9
43 46 8 5
37 37 0 0
0 8 13 5
22 22 0 0
88 88 0 0
0 14 25 11
1 78 109 32
2 27 25 0
159 159 0 0
35 35 11 11
0 73 90 17
2 4 22 20
30 45 15 0
2 27 36 11
33 33 0 0
0 36 41 5
113 113 0 0
19 19 0 0
142 155 23 10
58 73 27 12
44 48 4 0
0 17 20 3
14 29 67 52
39 39 0 0
45 50 7 2
12 39 32 5
0 0 0 0
31 31 0 0
189 186 1 4
0 9 21 12
57 56 2 3
3 3 0 0
14 92 151 73
1 28 79 52
105 138 84 51
0 0 0 0
42 42 0 0
0 18 39 21
64 81 17 0
36 36 0 0
0 0 0 0
0 0 0 0
176 176 0 0
0 20 26 6
128 128 0 0
0 18 21 3
257 259 2 0
55 55 6 6
0 0 0 0
11 11 0 0
138 138 0 0
72 72 0 0
0 0 0 0
13 13 0 0
20 70 79 29
0 35 63 28
86 97 11 0
51 54 3 0
0 0 0 0
12 12 0 0
530 530 30 30
31 31 0 0
116 130 43 29
20 20 0 0
0 0 0 0
11 14 28 25
0 63 147 84
0 26 93 67
155 152 17 20
71 71 0 0
0 52 52 0
29 29 0 0
102 102 0 0
2 2 0 0
0 0 0 0
25 25 0 0
41 45 4 0
32 32 0 0
59 157 138 40
1 86 133 48
0 8 31 23
24 24 0 0
118 156 50 12
4 24 30 10
80 80 0 0
0 19 29 10
0 0 0 0
34 34 0 0
0 0 0 0
2 34 42 10
1 42 53 12
0 0 0 0
0 0 0 0
67 67 0 0
59 59 0 0
40 46 10 4
86 86 0 0
32 40 14 6
15 15 0 0
0 0 0 0
47 47 0 0
0 9 20 11
4 4 0 0
117 117 0 0
25 49 53 29
27 27 0 0
205 263 170 112
36 58 34 12
33 33 0 0
1 4 19 16
3 31 65 37
0 12 16 4
101 118 44 27
53 51 17 19
0 52 81 29
0 5 43 38
37 26 0 11
1 27 43 17
70 126 109 53
25 25 0 0
5 24 31 12
0 22 32 10
18 27 43 34
0 13 14 1
0 48 75 27
25 25 0 0
5 86 94 13
22 22 0 0
168 168 0 0
116 129 16 3
61 78 18 1
20 20 5 5
230 237 7 0
4 4 0 0
167 167 7 7
0 26 31 5
61 61 0 0
0 23 23 0
0 4 46 42
0 2 19 17
93 99 39 33
13 24 55 44
15 58 74 31
54 54 0 0
266 266 0 0
116 122 6 0
45 52 23 16
69 69 0 0
55 55 0 0
14 33 31 12
81 81 0 0
2 9 14 7
38 61 23 0
19 24 15 10
41 72 41 10
31 32 12 11
22 22 0 0
72 76 10 6
135 135 6 6
20 20 0 0
287 342 72 17
25 30 9 4
0 0 0 0
52 52 0 0
90 120 64 34
6 26 82 62
20 238 294 76
40 53 15 2
0 6 42 36
0 11 11 0
159 159 0 0
27 27 0 0
4 4 0 0
0 0 0 0
50 52 12 10
18 19 1 0
37 96 79 20
38 46 14 6
0 0 0 0
0 0 0 0
204 228 84 60
20 20 0 0
101 95 3 9
29 29 0 0
0 6 13 7
0 0 0 0
64 64 0 0
48 48 0 0
0 16 39 23
41 41 0 0
16 16 0 0
0 0 0 0
37 67 30 0
3 78 140 65
30 27 4 7
0 12 18 6
12 26 17 3
57 57 0 0
133 150 17 0
15 17 2 0
146 146 4 4
0 59 86 27
9 9 0 0
0 0 0 0
99 99 0 0
41 41 0 0
75 92 55 38
30 30 0 0
71 77 18 12
29 29 3 3
40 53 14 1
34 44 18 8
142 142 0 0
76 76 0 0
70 81 19 8
4 4 0 0
249 249 4 4
265 265 0 0
73 73 0 0
0 7 51 44
50 50 0 0
0 0 22 22
0 0 0 0
0 24 62 38
64 64 0 0
37 37 0 0
105 105 0 0
25 84 64 5
59 102 92 49
28 38 35 25
28 72 46 2
46 46 0 0
205 242 48 11
0 27 32 5
87 87 0 0
3 45 54 12
77 81 5 1
39 39 0 0
467 467 0 0
16 16 0 0
46 78 87 55
22 22 0 0
128 128 0 0
33 33 0 0
0 41 47 6
27 29 10 8
0 0 0 0
0 0 0 0
108 108 0 0
4 0 3 7
86 86 0 0
59 94 48 13
66 66 0 0
34 37 6 3
0 0 0 0
30 30 0 0
149 218 119 50
44 49 25 20
25 25 0 0
0 16 16 0
4 40 57 21
0 18 29 11
72 122 80 30
60 60 0 0
55 55 0 0
21 14 5 12
71 70 1 2
0 14 23 9
178 177 2 3
88 88 0 0
183 183 0 0
183 183 0 0
245 255 10 0
21 80 98 39
0 60 88 28
0 7 9 2
188 321 186 53
54 85 39 8
54 58 10 6
3 3 2 2
0 48 96 48
16 16 0 0
0 19 58 39
0 0 0 0
51 51 0 0
3 13 43 33
90 90 0 0
51 51 0 0
264 264 0 0
54 54 0 0
66 86 33 13
34 48 23 9
75 75 0 0
61 61 0 0
13 33 25 5
0 0 0 0
109 110 1 0
49 71 29 7
65 65 0 0
13 13 0 0
82 119 80 43
0 36 90 54
59 59 0 0
22 38 16 0
0 0 0 0
0 28 28 0
181 171 2 12
0 0 0 0
50 56 6 0
25 46 32 11
84 102 29 11
68 75 16 9
15 22 38 31
25 25 0 0
54 105 89 38
137 144 7 0
144 144 0 0
0 0 12 12
108 108 0 0
53 53 0 0
87 96 40 31
70 70 0 0
171 171 0 0
0 0 0 0
157 170 31 18
46 54 8 0
0 99 149 50
90 87 0 3
0 0 0 0
4 4 0 0
96 103 10 3
24 24 0 0
168 186 59 41
24 24 0 0
167 210 64 21
28 38 10 0
0 35 71 36
46 46 0 0
81 92 11 0
96 96 0 0
80 80 0 0
39 39 1 1
247 397 225 75
23 39 17 1
0 34 34 0
0 7 28 21
2 42 54 14
0 18 25 7
69 69 0 0
59 68 9 0
64 81 30 13
0 11 16 5
91 126 55 20
43 43 0 0
16 122 172 66
91 91 0 0
43 70 29 2
0 15 33 18
73 93 28 8
0 0 0 0
147 178 39 8
0 18 36 18
165 168 3 0
40 40 0 0
105 105 0 0
0 0 13 13
96 103 11 4
44 44 0 0
26 86 94 34
21 77 90 34
0 35 44 9
18 27 10 1
0 0 0 0
0 0 0 0
130 130 0 0
41 41 0 0
50 80 57 27
0 3 15 12
0 5 66 61
11 11 0 0
50 50 0 0
0 17 17 0
78 122 85 41
39 39 0 0
48 48 0 0
0 9 15 6
35 54 53 34
25 25 0 0
323 323 3 3
29 29 0 0
39 69 86 56
70 82 12 0
2 89 133 46
25 100 119 44
125 202 181 104
92 92 0 0
92 109 63 46
0 7 25 18
91 175 113 29
1 68 98 31
0 0 0 0
0 4 30 26
0 0 0 0
28 34 6 0
12 27 19 4
0 0 0 0
1 26 55 30
0 43 60 17
420 420 0 0
13 10 6 9
210 222 14 2
13 27 59 45
88 88 0 0
5 10 21 16
81 81 0 0
0 59 63 4
1 70 88 19
5 15 24 14
81 81 0 0
0 64 84 20
52 73 31 10
54 47 0 7
140 168 28 0
42 42 0 0
0 0 0 0
0 0 0 0
115 115 11 11
27 27 0 0
103 110 7 0
0 0 0 0
31 31 0 0
0 31 45 14
557 587 99 69
136 136 24 24
76 76 0 0
43 43 0 0
65 65 0 0
9 36 37 10
44 44 0 0
1 24 27 4
166 170 52 48
0 25 65 40
6 42 55 19
0 31 40 9
53 53 0 0
16 50 46 12
4 18 61 47
8 8 0 0
40 40 0 0
0 9 15 6
67 67 0 0
51 60 9 0
73 88 19 4
5 13 26 18
52 52 0 0
21 27 6 0
74 74 0 0
24 33 9 0
267 267 0 0
0 13 23 10
200 200 0 0
7 22 32 17
131 131 0 0
11 35 85 61
0 6 17 11
0 6 21 15
0 81 88 7
15 15 0 0
47 47 0 0
6 6 0 0
172 201 29 0
31 31 0 0
263 284 33 12
56 56 0 0
131 131 0 0
33 36 3 0
1 104 305 202
0 18 29 11
0 65 100 35
20 35 15 0
134 145 21 10
11 5 8 14
0 29 58 29
21 21 0 0
91 91 0 0
30 32 4 2
39 75 36 0
25 25 0 0
99 99 0 0
54 54 0 0
39 36 16 19
0 11 21 10
53 68 15 0
56 56 0 0
4 4 0 0
44 44 0 0
69 83 26 12
22 51 29 0
58 99 97 56
53 53 3 3
80 80 0 0
57 57 0 0
61 61 0 0
84 84 0 0
60 60 0 0
0 16 23 7
143 155 26 14
62 62 0 0
72 72 0 0
0 0 0 0
167 167 0 0
0 0 0 0
195 195 23 23
40 40 0 0
40 40 0 0
34 34 0 0
168 168 0 0
30 30 0 0
62 62 0 0
7 7 0 0
4 32 44 16
3 3 0 0
0 0 0 0
18 18 0 0
77 78 20 19
29 29 0 0
121 119 6 8
21 21 0 0
66 87 54 33
72 75 3 0
28 38 31 21
0 15 22 7
31 31 0 0
34 34 0 0
0 0 0 0
0 18 37 19
0 26 48 22
1 20 19 0
0 14 29 15
0 12 32 20
49 49 0 0
18 21 3 0
173 173 0 0
0 0 0 0
56 56 0 0
44 44 0 0
4 40 36 0
58 58 0 0
94 94 0 0
26 23 0 3
201 201 0 0
140 140 0 0
97 97 0 0
24 25 1 0
65 65 0 0
9 9 0 0
3 59 74 18
0 5 7 2
70 68 4 6
43 43 0 0
0 47 59 12
4 57 64 11
103 103 0 0
6 7 1 0
4 19 16 1
0 0 0 0
299 307 8 0
0 67 88 21
7 56 91 42
6 51 68 23
115 115 0 0
65 65 0 0
38 38 0 0
0 0 0 0
58 74 17 1
6 6 0 0
0 0 0 0
20 20 0 0
98 98 0 0
34 34 0 0
32 91 75 16
0 34 34 0
378 378 0 0
67 67 0 0
2 115 142 29
20 20 0 0
0 0 0 0
0 14 41 27
10 76 128 62
0 44 59 15
32 53 43 22
29 29 0 0
42 39 10 13
0 23 32 9
54 54 0 0
25 19 23 29
7 40 104 71
57 62 5 0
98 98 0 0
33 36 7 4
135 135 0 0
89 89 1 1
6 43 41 4
49 49 0 0
300 300 0 0
64 62 0 2
72 72 0 0
0 0 0 0
16 16 40 40
13 13 0 0
81 81 0 0
0 14 24 10
0 8 47 39
0 9 20 11
159 186 56 29
0 0 0 0
0 32 67 35
1 34 44 11
135 135 0 0
0 0 0 0
58 58 0 0
28 34 6 0
0 41 86 45
18 18 0 0
0 75 82 7
24 24 0 0
265 265 0 0
13 42 45 16
0 0 0 0
12 12 0 0
63 63 7 7
0 19 38 19
25 41 56 40
52 52 0 0
289 289 0 0
87 87 0 0
95 96 1 0
23 44 31 10
273 278 5 0
42 42 0 0
84 84 0 0
3 31 28 0
75 93 29 11
0 16 16 0
112 117 5 0
0 0 0 0
65 70 18 13
68 68 0 0
0 18 52 34
0 5 35 30
0 0 0 0
0 0 0 0
73 73 0 0
0 27 49 22
109 159 77 27
16 16 15 15
102 102 0 0
59 69 10 0
0 28 44 16
0 20 36 16
50 50 0 0
15 34 19 0
0 0 0 0
9 12 18 15
281 281 0 0
81 81 0 0
85 89 11 7
74 74 0 0
0 0 0 0
0 12 28 16
9 9 0 0
0 0 0 0
124 150 30 4
61 61 0 0
173 168 11 16
51 51 0 0
55 65 24 14
25 25 0 0
152 152 0 0
0 18 31 13
45 52 9 2
8 26 33 15
60 60 0 0
68 68 0 0
2 31 51 22
34 34 0 0
138 148 23 13
2 34 50 18
119 139 26 6
30 30 0 0
0 0 0 0
3 35 35 3
36 112 89 13
0 15 19 4
301 316 15 0
63 62 5 6
94 96 15 13
7 21 18 4
59 71 30 18
11 28 41 24
40 107 83 16
35 28 3 10
48 134 174 88
13 44 72 41
91 161 154 84
14 14 0 0
23 29 19 13
0 4 20 16
0 0 0 0
0 25 41 16
64 64 0 0
43 54 13 2
0 42 67 25
19 19 0 0
30 178 236 88
2 17 22 7
227 271 113 69
87 113 36 10
157 166 19 10
78 76 0 2
92 98 31 25
46 72 36 10
125 125 0 0
62 62 5 5
0 0 0 0
78 78 0 0
22 22 0 0
34 32 10 12
75 75 10 10
22 22 0 0
40 44 13 9
23 23 0 0
263 268 5 0
26 40 15 1
76 78 10 8
22 38 56 40
2 88 106 20
0 19 49 30
0 8 19 11
21 21 0 0
73 81 48 40
39 52 16 3
0 0 0 0
85 85 0 0
82 82 0 0
0 6 15 9
59 86 32 5
0 46 46 0
59 59 0 0
47 45 0 2
66 69 16 13
72 72 0 0
36 51 27 12
51 47 16 20
51 51 0 0
0 12 31 19
73 73 0 0
65 65 0 0
71 71 0 0
18 18 7 7
642 642 0 0
129 129 18 18
0 46 67 21
0 15 23 8
81 81 0 0
74 74 15 15
0 20 74 54
0 7 38 31
1 41 63 23
0 5 11 6
13 40 46 19
0 9 15 6
130 197 112 45
102 141 44 5
37 38 42 41
39 39 0 0
2 31 45 16
3 3 0 0
240 265 41 16
70 94 172 148
0 0 0 0
0 0 0 0
244 244 0 0
118 118 0 0
83 83 0 0
0 6 13 7
68 68 0 0
65 65 0 0
0 83 83 0
14 21 51 44
84 86 8 6
24 24 0 0
404 411 10 3
240 276 41 5
36 49 33 20
31 31 0 0
79 79 0 0
25 25 0 0
70 75 10 5
35 35 0 0
143 151 8 0
67 67 0 0
259 247 8 20
17 44 36 9
80 80 0 0
0 9 27 18
243 254 11 0
88 95 7 0
7 26 59 40
0 8 21 13
2 123 133 12
0 43 86 43
190 229 51 12
76 88 12 0
1 33 62 30
28 36 11 3
82 82 12 12
15 54 39 0
97 103 6 0
54 54 0 0
31 36 5 0
0 3 20 17
92 92 0 0
7 13 15 9
0 0 0 0
0 0 0 0
403 426 41 18
54 54 0 0
3 3 0 0
36 36 0 0
245 245 20 20
20 20 0 0
82 82 0 0
0 0 19 19
38 60 39 17
46 46 0 0
38 44 13 7
36 36 0 0
0 0 0 0
29 29 0 0
87 87 0 0
0 26 51 25
26 46 20 0
0 4 15 11
0 37 44 7
0 18 23 5
55 55 0 0
22 22 0 0
14 14 0 0
40 40 0 0
59 91 33 1
53 53 0 0
104 104 0 0
81 81 0 0
19 19 0 0
0 3 14 11
56 56 4 4
29 40 20 9
25 24 10 11
0 16 25 9
142 175 58 25
79 79 0 0
63 70 29 22
58 58 0 0
22 29 7 0
11 12 11 10
73 56 0 17
0 0 0 0
150 150 4 4
64 71 12 5
174 184 57 47
36 36 0 0
113 113 0 0
55 55 0 0
0 45 56 11
40 38 1 3
3 26 60 37
0 13 31 18
353 353 0 0
69 69 0 0
83 83 0 0
0 25 40 15
59 59 33 33
0 87 94 7
47 66 30 11
0 5 37 32
91 91 0 0
61 61 0 0
103 287 236 52
0 26 31 5
67 75 8 0
35 35 0 0
1 38 134 97
48 51 17 14
308 311 3 0
23 23 0 0
42 61 42 23
50 61 11 0
44 44 0 0
7 33 28 2
0 30 36 6
6 6 0 0
336 336 0 0
29 29 0 0
25 23 11 13
0 27 27 0
229 256 175 148
40 40 0 0
182 182 0 0
158 192 45 11
137 137 0 0
54 54 0 0
153 153 0 0
0 23 35 12
0 0 0 0
24 24 0 0
115 132 22 5
115 130 18 3
66 61 3 8
0 34 52 18
142 142 0 0
94 94 0 0
19 35 21 5
24 24 0 0
0 0 0 0
65 65 0 0
141 142 1 0
3 9 19 13
76 135 66 7
40 57 17 0
52 52 0 0
43 48 5 0
160 191 48 17
7 55 50 2
66 66 0 0
34 34 0 0
23 23 0 0
0 23 51 28
113 113 0 0
8 12 27 23
21 37 32 16
43 43 0 0
84 86 2 0
0 26 38 12
120 120 0 0
50 50 0 0
137 137 0 0
27 27 0 0
186 174 17 29
55 55 0 0
0 22 45 23
24 24 0 0
76 76 0 0
7 8 1 0
0 0 0 0
43 43 0 0
463 464 1 0
4 4 0 0
18 23 18 13
11 35 35 11
27 72 59 14
0 0 0 0
109 109 0 0
79 79 0 0
88 88 0 0
35 35 0 0
172 215 78 35
17 17 0 0
134 135 2 1
0 0 0 0
109 116 12 5
68 68 4 4
198 199 9 8
2 44 70 28
42 42 0 0
13 10 9 12
55 72 18 1
26 63 39 2
41 41 0 0
0 0 0 0
80 125 84 39
126 126 7 7
97 165 134 66
75 74 15 16
130 134 4 0
137 137 0 0
37 59 52 30
30 30 0 0
102 102 0 0
27 27 0 0
10 39 35 6
0 37 37 0
55 55 0 0
0 35 56 21
35 35 0 0
16 16 0 0
26 260 330 96
0 57 74 17
173 173 0 0
28 34 6 0
5 51 72 26
0 13 21 8
0 44 50 6
0 8 21 13
0 0 0 0
63 63 0 0
45 45 0 0
14 22 16 8
0 0 0 0
0 0 0 0
68 65 9 12
73 84 12 1
70 70 0 0
15 11 0 4
60 60 0 0
41 41 0 0
72 72 0 0
44 44 0 0
62 101 85 46
18 18 0 0
35 35 0 0
49 49 0 0
136 136 0 0
27 27 0 0
307 307 0 0
38 38 0 0
61 67 10 4
0 71 71 0
124 185 88 27
10 10 0 0
87 82 10 15
46 46 0 0
91 110 22 3
34 37 3 0
2 94 118 26
11 42 31 0
90 91 12 11
8 8 3 3
149 149 0 0
0 17 23 6
0 5 37 32
0 18 22 4
122 214 144 52
53 56 3 0
13 89 103 27
16 59 52 9
46 68 22 0
0 16 46 30
14 66 184 132
3 63 83 23
51 50 0 1
0 14 45 31
48 48 0 0
52 51 3 4
180 183 13 10
26 26 0 0
77 79 2 0
1 22 29 8
103 103 0 0
54 54 0 0
0 49 64 15
9 9 17 17
93 93 0 0
2 53 87 36
85 85 0 0
28 28 10 10
156 156 0 0
11 13 21 19
0 127 177 50
16 16 0 0
85 103 104 86
28 32 10 6
179 208 61 32
3 49 56 10
111 111 0 0
39 39 0 0
76 87 34 23
30 30 0 0
111 118 18 11
51 51 0 0
0 3 32 29
35 35 0 0
63 63 0 0
0 0 0 0
69 69 0 0
47 47 0 0
52 52 0 0
0 0 0 0
81 133 66 14
79 79 0 0
29 54 41 16
30 30 0 0
63 77 14 0
36 36 0 0
62 62 1 1
27 27 0 0
76 76 0 0
17 12 0 5
48 65 26 9
61 51 0 10
0 0 44 44
20 20 0 0
1 51 128 78
25 48 97 74
61 61 0 0
29 29 0 0
219 219 0 0
97 97 0 0
86 86 0 0
9 9 0 0
78 114 55 19
62 64 5 3
119 137 34 16
81 81 0 0
21 49 118 90
81 81 0 0
1 5 29 25
28 28 0 0
0 27 36 9
0 10 25 15
115 134 19 0
59 59 0 0
92 92 0 0
6 36 30 0
14 14 0 0
28 28 0 0
158 158 0 0
133 133 0 0
30 30 0 0
41 41 0 0
169 184 25 10
45 45 0 0
376 377 6 5
56 56 0 0
95 105 63 53
0 0 19 19
0 0 0 0
0 0 0 0
0 0 0 0
70 70 0 0
201 201 0 0
35 35 0 0
0 16 51 35
0 30 42 12
400 404 11 7
23 23 0 0
12 23 42 31
35 35 0 0
85 137 78 26
20 20 0 0
41 67 68 42
30 30 0 0
74 74 0 0
84 84 0 0
135 135 0 0
37 37 0 0
0 20 74 54
0 18 34 16
79 87 14 6
17 17 0 0
0 36 70 34
24 24 4 4
77 122 45 0
111 111 0 0
3 34 49 18
0 7 23 16
278 278 0 0
56 56 0 0
187 187 8 8
137 148 18 7
123 123 0 0
26 26 0 0
88 111 87 64
48 48 0 0
141 141 0 0
98 98 0 0
182 183 1 0
39 41 12 10
40 45 32 27
24 24 0 0
140 140 0 0
49 49 0 0
44 98 68 14
35 35 0 0
74 86 31 19
35 36 3 2
147 153 15 9
141 139 0 2
1 103 110 8
14 27 16 3
0 9 25 16
0 6 20 14
288 295 46 39
13 27 61 47
0 6 22 16
0 0 0 0
0 62 64 2
52 52 0 0
45 45 0 0
0 29 38 9
170 170 0 0
98 109 21 10
129 129 0 0
0 0 0 0
0 33 93 60
22 22 0 0
1036 1066 68 38
45 45 0 0
29 67 118 80
0 38 66 28
0 0 0 0
20 20 0 0
108 112 6 2
66 66 0 0
623 623 0 0
40 40 0 0
0 0 31 31
0 8 12 4
22 184 417 255
0 12 21 9
0 0 0 0
4 44 47 7
162 162 0 0
0 0 0 0
0 48 61 13
0 23 34 11
59 65 30 24
9 30 21 0
27 27 0 0
9 9 0 0
142 142 0 0
59 59 0 0
46 63 27 10
63 63 0 0
102 166 147 83
35 35 0 0
471 478 7 0
0 24 24 0
15 15 0 0
0 12 12 0
144 144 0 0
15 27 13 1
441 480 46 7
108 108 6 6
80 84 4 0
14 27 52 39
129 143 26 12
3 3 0 0
104 104 0 0
29 60 82 51
10 11 1 0
17 23 7 1
9 42 110 77
12 24 16 4
114 114 3 3
76 76 0 0
51 51 0 0
3 4 1 0
133 126 38 45
12 40 33 5
33 37 4 0
25 18 0 7
51 57 6 0
24 32 18 10
73 102 121 92
21 45 26 2
49 61 12 0
6 28 24 2
4 32 47 19
8 42 58 24
33 61 42 14
45 45 0 0
127 127 0 0
36 51 41 26
77 77 0 0
50 67 24 7
473 497 34 10
37 37 0 0
62 62 0 0
19 51 47 15
34 34 0 0
0 21 24 3
47 78 31 0
31 31 0 0
51 61 10 0
41 52 14 3
28 28 0 0
0 2 26 24
1 14 176 163
27 27 0 0
46 46 0 0
0 24 48 24
87 87 0 0
68 68 0 0
79 97 19 1
48 48 0 0
0 0 0 0
91 91 0 0
96 113 22 5
91 91 0 0
224 224 0 0
76 76 0 0
0 24 40 16
18 18 0 0
131 131 0 0
96 111 45 30
83 127 44 0
0 0 65 65
91 131 82 42
0 0 0 0
314 309 36 41
0 16 22 6
0 20 68 48
12 12 0 0
377 377 0 0
165 165 0 0
0 0 0 0
61 61 0 0
69 69 4 4
35 34 1 2
104 104 0 0
44 44 0 0
434 434 0 0
89 89 0 0
92 96 4 0
25 25 0 0
377 377 0 0
35 35 0 0
186 196 22 12
48 48 0 0
84 84 0 0
67 67 0 0
51 51 0 0
28 35 7 0
61 61 0 0
57 57 17 17
121 122 1 0
29 29 0 0
74 74 0 0
46 46 0 0
33 74 43 2
35 35 0 0
0 135 160 25
0 77 111 34
54 74 28 8
60 60 0 0
47 47 0 0
0 42 42 0
72 119 75 28
19 32 13 0
3 12 27 18
0 14 23 9
56 56 0 0
0 1 19 18
45 52 27 20
0 0 0 0
95 95 0 0
49 49 0 0
0 0 38 38
0 6 29 23
59 59 0 0
42 42 0 0
75 115 88 48
82 122 47 7
379 379 0 0
59 59 0 0
65 71 24 18
78 69 0 9
2 33 86 55
39 39 0 0
144 140 2 6
1 5 21 17
301 301 0 0
32 32 0 0
82 82 0 0
52 52 0 0
577 596 82 63
30 30 0 0
84 93 9 0
46 46 0 0
201 201 0 0
22 22 0 0
183 183 0 0
17 26 11 2
0 0 0 0
0 23 23 0
4 57 69 16
30 30 0 0
2 53 86 35
1 6 26 21
0 58 78 20
56 56 0 0
144 151 16 9
31 31 0 0
3 174 212 41
3 27 32 8
1 46 57 12
0 12 26 14
169 195 56 30
45 56 31 20
69 69 0 0
0 29 36 7
67 67 0 0
0 8 39 31
25 83 132 74
67 80 69 56
101 96 10 15
2 36 54 20
0 51 51 0
38 38 0 0
232 232 0 0
8 14 20 14
114 114 0 0
17 13 11 15
0 70 93 23
24 64 41 1
0 6 31 25
0 16 21 5
181 186 10 5
27 27 0 0
1 20 55 36
13 13 0 0
0 0 0 0
0 0 0 0
9 21 12 0
0 5 7 2
0 38 48 10
0 9 12 3
74 85 29 18
97 97 0 0
86 86 0 0
29 43 15 1
0 13 34 21
0 4 26 22
23 49 67 41
9 10 31 30
1 19 33 15
0 4 16 12
0 7 30 23
0 13 24 11
0 0 0 0
62 62 0 0
567 567 3 3
21 21 0 0
117 117 9 9
67 67 0 0
169 172 3 0
137 137 0 0
4 35 54 23
33 28 3 8
60 60 0 0
62 62 0 0
89 89 0 0
0 15 22 7
4 9 47 42
0 13 33 20
260 270 10 0
48 53 5 0
63 44 39 58
72 72 0 0
146 154 19 11
77 74 0 3
0 0 0 0
0 0 0 0
492 557 69 4
180 191 13 2
48 48 0 0
0 32 32 0
183 187 18 14
13 41 28 0
60 140 96 16
40 40 0 0
89 93 34 30
4 25 48 27
137 248 125 14
5 38 67 34
234 262 77 49
20 41 21 0
0 79 111 32
39 39 0 0
129 129 0 0
56 56 0 0
7 27 81 61
0 17 21 4
3 11 32 24
0 27 34 7
93 99 6 0
0 31 37 6
36 39 3 0
29 29 0 0
85 85 5 5
2 22 38 18
35 43 62 54
28 28 0 0
0 0 0 0
11 11 0 0
30 49 24 5
32 32 0 0
116 116 0 0
34 34 0 0
4 12 40 32
0 11 32 21
501 501 0 0
25 25 0 0
3 57 82 28
0 0 13 13
0 0 0 0
0 6 21 15
0 0 0 0
0 0 0 0
168 198 30 0
18 18 0 0
108 108 0 0
82 86 7 3
115 137 28 6
24 24 0 0
0 0 0 0
11 11 0 0
17 17 0 0
60 60 0 0
17 49 90 58
57 59 2 0
0 0 0 0
12 12 0 0
0 15 37 22
22 22 0 0
36 51 51 36
32 32 0 0
41 41 0 0
0 26 38 12
69 74 5 0
4 19 28 13
0 47 97 50
0 23 49 26
85 126 80 39
90 95 10 5
0 0 0 0
0 0 0 0
30 50 33 13
65 65 2 2
139 139 2 2
75 75 0 0
381 381 13 13
134 152 36 18
0 44 87 43
54 54 0 0
27 131 269 165
74 86 12 0
0 36 143 107
0 8 62 54
97 97 17 17
0 27 27 0
61 61 0 0
9 20 51 40
41 69 38 10
35 38 3 0
58 64 6 0
0 0 0 0
68 82 14 0
1 6 21 16
0 0 0 0
14 14 0 0
25 70 57 12
24 24 0 0
92 168 168 92
25 55 51 21
95 95 0 0
10 34 48 24
84 89 7 2
27 27 0 0
52 52 0 0
54 54 0 0
20 79 85 26
14 14 0 0
0 24 53 29
29 29 0 0
209 209 4 4
115 122 7 0
0 44 52 8
38 38 0 0
225 225 0 0
20 20 6 6
85 100 15 0
0 13 20 7
73 81 8 0
18 36 41 23
85 94 19 10
46 46 0 0
0 0 17 17
0 0 18 18
8 8 0 0
4 4 0 0
29 73 51 7
0 34 47 13
158 158 0 0
47 47 0 0
220 223 3 0
45 45 0 0
1 7 44 38
0 33 42 9
18 46 52 24
0 25 37 12
107 103 0 4
15 12 5 8
76 87 24 13
46 46 0 0
0 0 0 0
24 24 0 0
222 225 3 0
14 14 0 0
159 159 0 0
11 10 15 16
88 88 0 0
68 68 0 0
72 69 2 5
59 59 0 0
0 45 71 26
18 21 3 0
223 223 4 4
51 51 0 0
30 55 87 62
41 41 0 0
2 2 0 0
0 0 0 0
53 61 12 4
49 49 0 0
43 43 0 0
86 86 0 0
326 335 9 0
54 54 0 0
32 32 25 25
29 29 0 0
28 39 61 50
0 19 43 24
182 321 227 88
0 22 36 14
0 0 0 0
0 0 0 0
5 19 23 9
0 17 33 16
0 0 0 0
78 72 3 9
43 43 22 22
0 13 24 11
191 199 8 0
83 83 0 0
163 163 0 0
43 43 0 0
71 67 41 45
0 6 21 15
18 122 135 31
2 17 56 41
91 113 27 5
11 8 5 8
87 125 47 9
38 38 6 6
108 108 0 0
86 86 0 0
752 752 0 0
119 119 0 0
120 146 48 22
45 85 69 29
196 196 12 12
0 5 10 5
0 0 0 0
45 39 32 38
81 81 0 0
0 46 55 9
17 53 64 28
14 17 3 0
0 28 47 19
3 3 0 0
73 71 24 26
21 21 0 0
5 30 51 26
0 6 14 8
85 142 121 64
28 32 28 24
0 0 0 0
18 18 0 0
113 113 0 0
32 32 0 0
156 181 39 14
0 6 52 46
45 45 4 4
21 21 0 0
0 0 0 0
22 22 0 0
0 0 0 0
0 7 17 10
141 141 0 0
82 82 0 0
33 33 0 0
7 12 31 26
152 149 53 56
142 142 0 0
70 70 0 0
74 74 0 0
97 97 0 0
82 85 9 6
26 26 2 2
27 27 3 3
1 21 39 19
26 26 0 0
42 42 0 0
0 5 20 15
159 260 174 73
95 128 74 41
78 78 0 0
42 42 0 0
36 36 0 0
141 138 0 3
38 38 0 0
1 11 19 9
48 48 0 0
31 31 12 12
0 0 0 0
0 0 0 0
67 69 2 0
1 21 26 6
39 51 12 0
0 11 20 9
230 249 19 0
72 75 3 0
73 83 10 0
59 59 0 0
108 124 16 0
74 75 27 26
33 33 0 0
1 27 30 4
29 99 117 47
2 2 0 0
78 78 0 0
47 47 0 0
0 0 0 0
53 53 0 0
4 114 135 25
61 46 6 21
32 32 0 0
0 35 36 1
54 54 2 2
0 16 29 13
41 72 31 0
72 68 2 6
273 265 0 8
159 159 0 0
15 15 0 0
0 30 30 0
0 7 52 45
0 0 53 53
98 114 16 0
36 36 0 0
32 32 0 0
98 98 0 0
84 84 0 0
67 67 0 0
438 438 0 0
182 182 0 0
145 158 37 24
0 0 0 0
169 206 39 2
85 87 7 5
49 49 12 12
0 21 25 4
165 183 18 0
169 169 0 0
57 57 0 0
33 34 1 0
23 55 72 40
0 9 42 33
86 76 12 22
38 38 0 0
65 65 27 27
50 93 48 5
14 62 77 29
34 28 0 6
45 36 4 13
52 52 0 0
307 335 28 0
21 29 11 3
111 111 0 0
24 24 0 0
0 0 0 0
2 2 0 0
177 177 0 0
185 185 0 0
127 134 24 17
115 115 0 0
60 60 17 17
78 78 8 8
0 0 0 0
0 0 0 0
5 29 39 15
30 29 0 1
368 368 0 0
41 41 0 0
131 157 66 40
0 0 0 0
66 64 29 31
2 2 2 2
54 54 0 0
170 170 0 0
99 105 6 0
49 49 0 0
0 0 0 0
99 99 0 0
74 70 0 4
0 11 50 39
61 61 0 0
0 51 62 11
138 138 0 0
0 0 0 0
268 293 25 0
65 74 9 0
224 224 20 20
31 43 44 32
73 73 0 0
0 14 23 9
9 67 66 8
0 0 0 0
40 38 23 25
0 25 25 0
