
10.625 1.80466 10580

31.875 1.55352 6763

53.125 1.5124 5130

74.375 1.50843 4500

95.625 1.49551 3787

116.875 1.49102 3518

138.125 1.49077 3160

159.375 1.48798 2955

180.625 1.47453 3031

201.875 1.47766 2944

223.125 1.48851 2869

244.375 1.49768 2520

265.625 1.48581 2555

286.875 1.50316 2243

308.125 1.49405 2023

329.375 1.49736 1790

350.625 1.49099 1627

371.875 1.46458 1552

393.125 1.45499 1278

414.375 1.43567 1177

435.625 1.39395 930

456.875 1.42151 602

478.125 1.45066 418

499.375 1.42682 288

520.625 1.42372 176

541.875 1.3995 125

563.125 1.35444 93

584.375 1.34279 52

605.625 1.28942 26

626.875 1.26875 12

648.125 1.2 8









