105 12 0 93
0 21 21 0
85 88 3 0
90 71 31 50
60 2 37 95
91 91 0 0
76 76 0 0
46 10 24 60
151 126 20 45
14 4 6 16
0 44 54 10
0 32 44 12
202 202 0 0
1 15 87 73
152 152 0 0
43 31 0 12
95 105 25 15
137 137 0 0
120 122 2 0
50 75 25 0
239 181 15 73
2 8 6 0
74 74 0 0
46 46 0 0
115 115 0 0
6 6 0 0
211 215 4 0
24 28 4 0
137 38 158 257
79 79 0 0
41 41 0 0
42 42 0 0
0 0 0 0
32 39 7 0
52 52 0 0
5 15 49 39
57 71 14 0
0 0 0 0
75 75 0 0
42 42 0 0
45 45 0 0
40 40 0 0
100 100 0 0
58 58 0 0
212 206 32 38
45 3 15 57
58 72 14 0
27 18 29 38
0 0 0 0
47 47 0 0
109 109 0 0
75 75 0 0
1068 1058 57 67
50 50 0 0
82 25 25 82
30 30 0 0
150 150 0 0
45 45 0 0
82 82 0 0
21 21 0 0
0 55 61 6
49 49 0 0
65 65 0 0
3 3 0 0
90 90 0 0
31 31 0 0
12 9 77 80
67 67 0 0
7 26 28 9
0 4 15 11
6 18 85 73
0 13 27 14
0 0 0 0
0 0 0 0
58 67 49 40
46 13 15 48
0 5 71 66
0 16 16 0
194 194 0 0
0 0 0 0
0 17 280 263
0 24 57 33
0 0 0 0
21 21 0 0
107 16 0 91
44 44 0 0
106 113 7 0
49 49 0 0
50 50 0 0
0 5 21 16
78 72 1 7
12 17 61 56
105 112 17 10
78 97 19 0
0 41 79 38
0 10 10 0
416 416 47 47
82 82 0 0
33 7 47 73
35 8 8 35
124 124 0 0
0 0 0 0
31 32 150 149
2 2 0 0
56 56 0 0
41 41 0 0
0 37 46 9
0 23 23 0
66 66 0 0
0 13 29 16
44 32 19 31
36 36 0 0
57 92 35 0
0 20 20 0
103 113 10 0
9 25 67 51
183 183 0 0
0 44 53 9
1 1 0 0
21 23 2 0
86 89 3 0
31 31 0 0
96 93 1 4
56 56 0 0
99 77 25 47
0 6 104 98
70 77 7 0
42 42 0 0
7 10 3 0
83 83 0 0
126 126 0 0
0 31 47 16
182 169 51 64
90 90 0 0
487 325 115 277
16 17 13 12
0 0 0 0
29 29 0 0
106 121 52 37
48 48 0 0
0 29 70 41
69 87 18 0
29 29 0 0
4 9 31 26
220 188 50 82
6 17 43 32
65 101 36 0
0 12 24 12
35 65 49 19
21 21 0 0
123 128 5 0
1 11 11 1
1 30 135 106
20 20 0 0
66 6 19 79
85 85 0 0
50 50 0 0
6 6 0 0
0 0 0 0
25 25 0 0
421 421 0 0
25 25 0 0
151 163 12 0
45 45 37 37
86 86 0 0
0 0 0 0
0 40 40 0
32 32 0 0
364 364 0 0
27 27 0 0
56 23 11 44
0 6 28 22
89 89 0 0
60 60 0 0
31 28 34 37
25 25 0 0
65 65 0 0
23 23 0 0
97 97 0 0
68 68 0 0
61 71 10 0
89 71 66 84
0 0 0 0
23 23 0 0
48 112 71 7
0 5 38 33
138 2 2 138
63 63 0 0
37 37 0 0
28 51 23 0
96 67 52 81
50 39 26 37
0 47 47 0
24 20 0 4
68 64 124 128
7 2 26 31
0 0 0 0
0 0 0 0
0 54 74 20
0 28 47 19
0 0 0 0
36 36 0 0
256 256 0 0
31 64 43 10
0 5 22 17
2 4 2 0
271 180 24 115
190 111 94 173
83 94 11 0
0 6 35 29
0 24 54 30
0 8 46 38
79 79 0 0
51 51 0 0
90 90 0 0
3 20 17 0
74 74 0 0
33 33 0 0
32 26 57 63
6 6 0 0
103 71 14 46
29 64 35 0
84 84 0 0
21 36 15 0
152 166 14 0
14 14 0 0
60 60 0 0
0 22 36 14
66 61 0 5
0 6 12 6
85 85 0 0
59 59 0 0
0 22 38 16
4 39 35 0
255 155 160 260
46 0 31 77
393 402 9 0
26 26 0 0
160 160 0 0
47 47 0 0
46 71 29 4
46 57 11 0
4 7 36 33
21 29 8 0
39 39 0 0
0 0 0 0
56 56 0 0
0 25 28 3
186 186 0 0
1 1 0 0
435 397 113 151
71 71 0 0
32 32 0 0
0 12 19 7
18 34 16 0
21 20 10 11
59 62 68 65
107 107 0 0
139 139 0 0
113 111 16 18
0 10 65 55
0 20 20 0
48 49 63 62
1 39 107 69
113 113 0 0
53 21 24 56
66 70 4 0
51 24 7 34
14 6 94 102
0 14 39 25
0 0 0 0
41 41 0 0
0 12 47 35
18 18 0 0
202 203 1 0
95 95 0 0
79 102 23 0
42 42 0 0
236 236 0 0
6 8 15 13
124 139 15 0
0 0 0 0
188 217 41 12
49 49 0 0
57 57 0 0
25 25 0 0
69 69 0 0
77 81 4 0
0 33 41 8
3 12 9 0
119 127 8 0
28 28 0 0
71 19 14 66
3 15 18 6
228 243 15 0
91 91 0 0
366 366 0 0
47 47 0 0
35 35 0 0
0 6 21 15
48 48 0 0
13 13 0 0
64 50 3 17
42 42 0 0
269 277 103 95
50 50 0 0
84 91 10 3
21 10 15 26
26 26 0 0
0 0 0 0
0 28 35 7
0 25 25 0
91 91 26 26
83 36 37 84
259 252 33 40
32 15 97 114
77 77 0 0
38 14 7 31
187 201 16 2
71 66 49 54
10 38 64 36
20 20 0 0
101 98 3 6
69 69 0 0
77 77 0 0
46 46 0 0
138 147 9 0
45 45 0 0
64 64 0 0
41 28 66 79
117 117 20 20
57 59 2 0
43 38 18 23
17 17 0 0
201 204 19 16
32 32 0 0
44 63 110 91
64 64 0 0
669 669 0 0
65 65 0 0
85 97 32 20
50 58 8 0
158 158 0 0
44 44 0 0
350 364 14 0
45 45 0 0
3 5 5 3
61 64 10 7
59 136 77 0
28 33 5 0
122 5 10 127
75 75 0 0
286 250 24 60
11 11 0 0
150 156 6 0
0 0 0 0
2 42 81 41
30 30 0 0
51 9 14 56
22 22 0 0
92 97 5 0
55 98 48 5
33 57 34 10
29 29 0 0
176 199 54 31
7 60 61 8
2 3 59 58
6 6 3 3
0 0 0 0
43 43 0 0
73 73 0 0
99 106 7 0
131 131 7 7
20 20 0 0
0 10 90 80
0 4 40 36
277 274 12 15
118 118 0 0
0 12 41 29
0 23 32 9
137 137 0 0
5 5 0 0
250 250 0 0
3 3 0 0
229 230 1 0
31 72 41 0
0 0 0 0
34 34 0 0
80 80 0 0
31 31 0 0
781 781 0 0
27 27 0 0
0 22 28 6
0 6 24 18
0 51 51 0
0 27 39 12
72 96 42 18
29 29 0 0
0 15 75 60
1 12 63 52
105 98 66 73
102 107 5 0
148 146 16 18
33 33 0 0
0 32 32 0
25 25 0 0
51 57 26 20
34 37 4 1
61 61 0 0
0 22 46 24
123 132 9 0
55 65 10 0
0 0 0 0
6 6 0 0
0 11 40 29
25 25 0 0
38 38 0 0
0 9 16 7
70 70 0 0
36 36 0 0
34 49 16 1
36 36 0 0
5 7 2 0
0 0 0 0
288 288 0 0
45 45 0 0
31 31 0 0
1 30 29 0
139 125 71 85
39 39 0 0
213 209 6 10
0 0 0 0
22 50 311 283
4 9 47 42
77 146 74 5
0 9 13 4
347 361 21 7
9 9 0 0
56 56 0 0
5 20 15 0
0 49 62 13
34 34 0 0
356 356 0 0
80 80 0 0
84 90 20 14
105 105 0 0
0 0 0 0
15 15 0 0
69 84 15 0
0 15 21 6
0 0 0 0
0 0 0 0
109 55 12 66
8 8 0 0
90 90 0 0
0 0 0 0
0 0 0 0
0 0 0 0
149 153 12 8
50 142 94 2
70 70 0 0
40 40 0 0
24 20 18 22
0 0 0 0
282 293 221 210
108 106 3 5
58 58 0 0
75 75 0 0
194 178 9 25
64 64 0 0
61 61 0 0
0 0 0 0
395 307 35 123
2 6 16 12
28 28 0 0
88 97 37 28
69 69 0 0
36 54 18 0
0 0 0 0
28 28 0 0
162 181 45 26
118 118 0 0
0 39 167 128
0 26 37 11
144 158 14 0
36 36 0 0
130 130 0 0
52 52 0 0
116 116 0 0
58 73 23 8
3 48 77 32
39 39 0 0
99 99 0 0
17 17 0 0
107 107 0 0
44 14 0 30
0 0 0 0
26 26 0 0
76 76 0 0
0 9 26 17
320 260 64 124
91 91 0 0
373 226 21 168
18 14 10 14
28 27 19 20
21 30 9 0
17 17 0 0
55 53 5 7
129 129 59 59
31 31 0 0
141 146 5 0
61 54 56 63
0 10 103 93
23 23 0 0
46 46 0 0
26 46 20 0
128 128 0 0
19 19 0 0
0 19 98 79
1 9 30 22
185 185 0 0
92 92 0 0
0 23 54 31
45 16 18 47
66 58 83 91
65 65 0 0
0 8 51 43
24 24 0 0
81 103 22 0
0 12 37 25
58 61 3 0
16 13 12 15
171 173 2 0
0 29 61 32
92 92 0 0
0 1 1 0
40 40 0 0
0 22 22 0
209 209 0 0
46 46 0 0
289 289 0 0
51 51 0 0
192 192 0 0
104 104 0 0
0 16 60 44
0 38 38 0
263 265 2 0
0 0 0 0
128 103 40 65
122 122 0 0
155 102 30 83
26 26 0 0
121 121 0 0
97 97 0 0
92 110 18 0
82 82 0 0
144 144 0 0
91 93 2 0
14 15 42 41
39 39 0 0
4 6 51 49
2 12 30 20
149 154 42 37
67 67 0 0
33 31 163 165
13 13 0 0
340 333 34 41
18 18 0 0
57 38 71 90
22 22 0 0
221 221 0 0
0 15 45 30
114 117 15 12
0 4 11 7
254 258 4 0
23 23 0 0
393 393 0 0
40 40 0 0
10 7 64 67
0 8 13 5
64 75 11 0
28 40 12 0
0 0 0 0
0 0 0 0
62 62 0 0
31 38 7 0
137 137 0 0
4 25 49 28
127 127 0 0
49 71 39 17
119 135 57 41
6 18 64 52
147 151 4 0
46 46 0 0
53 23 46 76
55 48 9 16
138 138 0 0
0 16 16 0
300 300 0 0
75 75 0 0
113 119 6 0
90 97 7 0
94 97 23 20
0 41 41 0
136 136 0 0
12 5 17 24
114 117 3 0
20 22 2 0
76 76 0 0
22 9 36 49
3 65 62 0
16 22 15 9
58 64 6 0
0 6 41 35
94 131 56 19
24 24 0 0
113 131 44 26
0 43 43 0
69 6 3 66
1 29 28 0
129 129 0 0
14 17 25 22
352 371 26 7
58 58 0 0
192 200 8 0
40 40 0 0
199 207 8 0
22 53 116 85
99 100 10 9
22 22 0 0
94 94 0 0
64 64 0 0
125 125 0 0
70 70 0 0
112 112 0 0
10 17 7 0
174 7 2 169
19 19 0 0
0 5 65 60
0 31 40 9
0 0 0 0
6 10 19 15
109 115 29 23
38 38 0 0
69 65 23 27
68 68 9 9
102 102 0 0
64 64 0 0
0 6 58 52
31 31 0 0
11 5 20 26
1 6 56 51
54 3 9 60
21 21 0 0
95 73 96 118
0 14 14 0
44 41 87 90
60 66 6 0
0 19 74 55
35 35 0 0
109 109 0 0
0 11 16 5
0 27 203 176
97 123 29 3
38 38 0 0
0 12 17 5
200 200 0 0
26 26 0 0
13 13 0 0
0 0 0 0
135 126 7 16
21 21 0 0
2 19 83 66
6 6 0 0
254 254 0 0
21 23 2 0
124 124 0 0
0 34 34 0
12 9 110 113
41 41 0 0
219 177 6 48
0 0 0 0
116 3 42 155
0 15 23 8
107 107 0 0
0 19 19 0
146 136 241 251
7 14 7 0
52 52 0 0
48 48 0 0
0 0 0 0
27 3 16 40
29 29 0 0
0 16 21 5
23 38 29 14
35 35 0 0
11 18 71 64
0 25 37 12
0 0 0 0
12 12 0 0
67 65 77 79
0 39 47 8
84 84 0 0
62 62 0 0
10 47 42 5
0 4 31 27
54 15 142 181
27 26 58 59
133 133 0 0
53 53 0 0
42 42 0 0
0 13 29 16
0 0 0 0
28 28 0 0
16 16 0 0
4 4 0 0
0 0 0 0
0 0 0 0
96 103 7 0
50 64 50 36
59 68 12 3
23 23 0 0
0 9 36 27
19 18 19 20
0 0 0 0
73 83 16 6
20 4 60 76
27 27 0 0
82 99 19 2
24 24 0 0
0 0 0 0
36 36 0 0
71 71 0 0
79 79 0 0
111 36 27 102
0 19 21 2
44 30 39 53
15 9 66 72
24 31 15 8
0 26 26 0
97 103 6 0
88 88 0 0
65 52 5 18
0 30 30 0
49 61 12 0
40 40 0 0
0 10 98 88
7 24 17 0
90 90 0 0
0 0 0 0
30 15 13 28
0 12 23 11
508 508 0 0
1 17 70 54
69 69 0 0
0 0 0 0
18 4 68 82
17 24 7 0
113 113 0 0
0 0 0 0
52 67 19 4
40 46 6 0
57 57 0 0
29 29 0 0
45 45 0 0
0 0 0 0
94 68 44 70
42 42 0 0
80 80 0 0
65 65 0 0
44 44 0 0
0 0 0 0
43 43 0 0
0 22 22 0
30 30 0 0
0 0 0 0
22 9 31 44
45 45 0 0
131 142 11 0
58 58 0 0
6 6 37 37
25 39 14 0
99 92 79 86
59 41 20 38
168 205 78 41
189 197 12 4
54 92 53 15
0 22 31 9
137 137 0 0
59 59 0 0
57 57 0 0
15 19 4 0
35 35 0 0
1 1 0 0
12 16 47 43
0 17 32 15
753 753 0 0
128 128 0 0
13 30 103 86
34 38 4 0
39 14 0 25
45 45 0 0
4 29 145 120
44 44 0 0
95 112 76 59
14 14 0 0
2 16 105 91
12 25 18 5
111 111 0 0
34 34 0 0
158 165 7 0
3 35 99 67
144 144 0 0
83 83 0 0
128 141 13 0
91 8 29 112
9 9 0 0
0 0 0 0
87 87 0 0
0 7 18 11
242 242 0 0
50 50 0 0
125 125 0 0
38 38 0 0
57 57 0 0
0 0 0 0
1 3 129 127
0 31 31 0
117 128 11 0
0 14 120 106
0 46 46 0
28 28 0 0
0 17 95 78
56 49 12 19
78 85 7 0
0 12 15 3
128 119 53 62
9 9 0 0
4 4 0 0
6 18 16 4
95 148 53 0
152 155 3 0
3 8 93 88
0 8 81 73
61 61 0 0
31 31 0 0
497 497 0 0
64 64 0 0
98 99 1 0
24 42 43 25
48 48 0 0
37 37 0 0
203 187 9 25
0 0 0 0
10 17 62 55
23 23 0 0
248 233 18 33
29 32 48 45
64 64 0 0
12 33 21 0
334 335 1 0
60 60 0 0
248 248 0 0
180 180 0 0
35 28 19 26
23 23 0 0
114 114 0 0
34 34 0 0
64 81 34 17
2 39 56 19
42 45 3 0
27 24 9 12
445 445 0 0
0 0 0 0
62 62 0 0
7 7 0 0
103 103 0 0
27 27 0 0
87 87 0 0
77 77 0 0
61 61 0 0
25 5 35 55
155 155 0 0
93 93 0 0
61 27 30 64
40 40 0 0
75 81 12 6
46 46 0 0
41 41 0 0
0 36 36 0
68 68 0 0
25 25 0 0
82 82 0 0
0 3 42 39
0 0 0 0
42 42 0 0
2 35 140 107
112 121 32 23
5 5 0 0
0 0 0 0
80 78 1 3
56 56 0 0
0 0 0 0
19 19 0 0
100 100 0 0
24 24 0 0
104 104 0 0
3 8 5 0
0 0 0 0
0 0 0 0
0 52 116 64
0 27 39 12
63 63 0 0
40 40 0 0
132 136 4 0
0 9 60 51
609 609 0 0
101 101 0 0
106 5 24 125
0 7 25 18
148 154 41 35
74 78 4 0
174 167 12 19
36 36 0 0
54 88 72 38
8 11 59 56
204 204 0 0
47 47 0 0
143 161 48 30
169 169 0 0
140 140 0 0
64 64 0 0
448 460 33 21
56 56 0 0
0 7 70 63
25 25 0 0
86 104 57 39
45 45 0 0
145 149 34 30
105 105 0 0
74 56 37 55
30 28 50 52
137 137 18 18
85 82 90 93
11 10 152 153
0 0 0 0
41 59 18 0
59 59 0 0
65 4 111 172
0 23 69 46
48 48 0 0
48 48 0 0
63 71 8 0
58 8 24 74
18 39 21 0
0 27 51 24
100 100 0 0
125 141 16 0
0 0 0 0
17 17 0 0
156 109 100 147
61 61 0 0
36 37 5 4
42 53 11 0
62 62 0 0
38 1 6 43
301 313 45 33
28 74 67 21
120 122 2 0
40 10 3 33
4 4 0 0
70 70 0 0
202 225 30 7
66 52 18 32
18 27 28 19
25 25 0 0
33 51 33 15
12 38 27 1
175 175 16 16
110 112 2 0
602 602 0 0
108 111 3 0
81 79 11 13
34 34 0 0
138 142 4 0
35 35 0 0
75 75 0 0
43 43 0 0
49 49 0 0
19 19 0 0
45 45 0 0
0 20 20 0
92 108 33 17
63 84 21 0
221 221 0 0
84 84 0 0
96 96 0 0
29 29 0 0
10 54 135 91
0 8 65 57
93 97 43 39
3 10 31 24
12 12 0 0
51 51 0 0
0 47 75 28
0 27 33 6
154 7 140 287
4 4 0 0
0 0 0 0
37 37 0 0
45 45 0 0
0 21 21 0
45 45 0 0
22 22 0 0
261 250 168 179
42 43 1 0
47 67 20 0
36 70 34 0
52 52 0 0
0 0 0 0
65 65 0 0
37 5 4 36
6 16 75 65
19 19 0 0
221 221 0 0
25 25 0 0
0 36 39 3
0 33 36 3
116 123 12 5
55 60 5 0
186 138 25 73
32 32 0 0
119 119 0 0
21 21 0 0
61 61 0 0
58 58 0 0
46 46 0 0
12 31 21 2
97 97 0 0
39 39 0 0
109 109 0 0
28 28 0 0
0 22 53 31
33 33 0 0
132 142 10 0
31 31 4 4
8 32 86 62
0 10 58 48
126 126 0 0
98 13 2 87
39 35 24 28
2 4 11 9
57 57 0 0
8 11 29 26
407 407 0 0
20 20 0 0
86 86 0 0
0 30 30 0
32 43 11 0
0 19 35 16
406 406 0 0
30 30 0 0
0 16 218 202
0 9 17 8
106 122 16 0
0 28 49 21
110 110 0 0
0 32 32 0
170 170 0 0
29 29 0 0
8 8 0 0
0 0 0 0
114 114 0 0
15 15 0 0
49 49 0 0
0 19 25 6
64 64 0 0
29 29 0 0
0 4 37 33
2 29 40 13
0 27 32 5
33 33 0 0
229 233 4 0
110 108 8 10
102 92 20 30
24 42 18 0
87 87 0 0
0 11 16 5
95 102 14 7
38 38 0 0
132 132 0 0
32 32 0 0
0 0 0 0
57 57 0 0
39 39 0 0
33 33 0 0
60 60 34 34
26 26 0 0
166 166 0 0
116 116 0 0
99 99 0 0
0 5 31 26
0 0 0 0
0 0 0 0
64 64 0 0
9 21 12 0
19 24 5 0
0 10 21 11
89 4 84 169
5 12 12 5
71 71 0 0
23 23 0 0
70 81 11 0
15 25 10 0
51 31 30 50
7 7 59 59
116 116 0 0
23 23 0 0
99 105 6 0
21 21 0 0
0 0 0 0
0 0 0 0
89 89 0 0
32 32 0 0
4 21 38 21
0 5 22 17
72 72 0 0
0 11 31 20
454 403 36 87
0 0 0 0
79 50 133 162
140 150 10 0
143 143 0 0
0 0 0 0
87 101 84 70
0 28 64 36
1 38 118 81
44 44 0 0
39 32 81 88
81 84 9 6
62 35 25 52
41 41 0 0
276 276 0 0
52 52 0 0
0 0 0 0
0 0 0 0
155 157 12 10
68 83 15 0
5 5 0 0
0 0 0 0
98 98 0 0
86 86 0 0
31 31 0 0
0 5 30 25
0 20 81 61
1 7 14 8
0 13 67 54
0 0 0 0
66 66 0 0
32 32 0 0
518 503 7 22
104 104 0 0
189 189 0 0
112 112 0 0
136 139 3 0
50 50 0 0
143 126 3 20
52 52 0 0
6 43 38 1
0 15 37 22
19 43 24 0
32 32 0 0
5 4 73 74
33 29 9 13
75 76 1 0
61 61 0 0
157 157 0 0
18 18 0 0
160 144 9 25
118 159 48 7
88 88 0 0
0 54 82 28
96 96 0 0
49 49 0 0
28 28 0 0
0 0 0 0
0 0 0 0
0 0 0 0
1 33 72 40
57 57 0 0
265 272 42 35
94 118 45 21
32 47 15 0
75 77 2 0
78 78 0 0
31 31 0 0
59 75 16 0
23 23 0 0
48 48 0 0
7 12 13 8
5 3 55 57
21 21 0 0
129 142 38 25
76 78 2 0
0 0 0 0
0 0 0 0
166 213 57 10
7 4 121 124
0 0 0 0
0 11 24 13
56 56 0 0
19 19 0 0
333 338 5 0
120 121 4 3
290 289 8 9
195 214 23 4
302 303 1 0
86 86 0 0
61 61 0 0
0 10 10 0
185 192 14 7
20 20 0 0
60 20 12 52
57 57 0 0
78 78 0 0
16 11 67 72
104 11 28 121
15 15 0 0
86 86 0 0
33 54 45 24
198 189 28 37
94 78 39 55
80 80 0 0
0 17 33 16
0 0 0 0
24 24 0 0
0 8 104 96
0 6 17 11
250 250 41 41
0 54 54 0
164 164 0 0
0 0 0 0
60 60 0 0
11 16 13 8
196 102 95 189
12 12 0 0
98 6 42 134
21 21 0 0
67 67 0 0
0 37 40 3
28 48 20 0
29 29 0 0
66 66 0 0
0 0 0 0
0 0 0 0
0 0 0 0
64 64 0 0
97 97 0 0
33 9 52 76
5 21 16 0
30 30 0 0
38 38 0 0
90 100 45 35
8 42 145 111
11 4 53 60
38 48 10 0
31 50 25 6
43 43 0 0
55 55 0 0
0 21 30 9
91 125 34 0
38 38 0 0
97 96 106 107
23 13 70 80
3 93 127 37
0 9 45 36
116 116 0 0
39 69 37 7
86 65 149 170
0 22 102 80
0 0 0 0
0 0 0 0
50 86 84 48
20 18 28 30
53 28 1 26
51 51 0 0
102 102 0 0
35 35 0 0
0 27 62 35
0 0 0 0
138 147 9 0
19 11 14 22
0 20 85 65
36 36 0 0
92 87 14 19
65 62 18 21
0 41 84 43
0 22 79 57
71 71 0 0
2 2 0 0
0 0 0 0
0 19 19 0
111 128 17 0
38 38 0 0
134 136 2 0
148 148 0 0
234 222 72 84
1 17 35 19
56 56 0 0
2 2 0 0
0 30 72 42
0 21 21 0
78 78 0 0
18 30 12 0
6 34 97 69
13 13 0 0
125 127 2 0
9 20 30 19
173 173 0 0
8 9 47 46
78 78 0 0
0 0 0 0
72 11 38 99
23 18 2 7
72 71 49 50
0 0 0 0
634 569 145 210
64 58 15 21
50 9 5 46
29 29 0 0
0 0 0 0
4 4 8 8
3 7 59 55
0 9 71 62
39 39 0 0
2 29 35 8
64 116 52 0
33 33 0 0
433 438 5 0
65 65 0 0
116 116 0 0
32 33 1 0
59 59 0 0
0 0 0 0
2 2 0 0
0 0 0 0
0 0 0 0
158 158 0 0
198 198 0 0
34 39 5 0
168 204 36 0
66 66 0 0
1 14 62 49
63 63 0 0
8 23 15 0
0 19 35 16
163 3 23 183
22 22 0 0
78 78 0 0
0 18 82 64
209 209 0 0
7 3 10 14
233 237 27 23
9 32 52 29
119 6 6 119
49 49 0 0
66 66 0 0
81 81 0 0
44 35 69 78
47 63 16 0
64 27 10 47
0 4 11 7
39 24 22 37
55 55 0 0
55 14 22 63
33 33 0 0
196 22 8 182
12 12 0 0
50 58 39 31
7 13 58 52
96 96 0 0
26 23 41 44
138 160 40 18
80 82 33 31
301 258 45 88
4 4 18 18
93 93 0 0
0 5 30 25
2 59 119 62
85 85 0 0
303 304 35 34
52 36 0 16
336 336 0 0
38 38 0 0
61 61 0 0
2 65 63 0
0 5 54 49
26 26 0 0
14 16 169 167
0 31 35 4
8 7 279 280
0 10 21 11
65 72 7 0
34 34 0 0
136 139 14 11
1 48 71 24
26 21 39 44
23 23 0 0
62 74 12 0
76 76 0 0
88 88 0 0
0 4 71 67
164 164 0 0
95 95 0 0
162 164 23 21
115 115 0 0
157 166 9 0
21 21 0 0
54 75 21 0
77 77 0 0
217 217 0 0
127 127 0 0
11 29 18 0
28 28 0 0
23 23 0 0
9 20 34 23
30 17 72 85
63 63 0 0
10 4 36 42
41 41 0 0
0 0 0 0
0 0 0 0
0 0 0 0
44 44 0 0
125 128 26 23
6 9 12 9
0 17 42 25
1 6 10 5
262 262 0 0
31 31 0 0
64 64 0 0
0 0 0 0
0 0 0 0
0 0 0 0
64 56 169 177
15 15 0 0
41 52 49 38
4 4 0 0
47 28 15 34
0 35 35 0
74 74 0 0
0 0 0 0
170 167 12 15
46 61 15 0
65 73 8 0
17 17 0 0
0 0 0 0
11 11 0 0
47 41 29 35
0 15 15 0
402 430 28 0
123 117 121 127
4 57 249 196
16 19 3 0
172 172 0 0
69 69 0 0
131 121 15 25
44 44 0 0
0 19 36 17
33 35 2 0
193 193 0 0
83 83 0 0
318 281 39 76
158 158 0 0
71 82 52 41
75 76 5 4
62 28 17 51
0 7 17 10
35 35 0 0
39 39 0 0
100 90 21 31
66 66 0 0
123 132 35 26
20 20 0 0
173 198 25 0
188 215 27 0
0 6 151 145
0 41 86 45
0 54 69 15
2 8 6 0
238 239 48 47
66 66 0 0
293 293 0 0
0 0 0 0
75 75 0 0
45 45 0 0
257 261 4 0
4 17 38 25
94 105 11 0
23 29 6 0
7 12 55 50
49 50 1 0
0 26 190 164
0 26 40 14
139 11 19 147
65 65 0 0
81 87 6 0
62 62 0 0
104 104 0 0
30 1 9 38
109 13 28 124
0 1 1 0
0 14 45 31
0 12 16 4
0 0 0 0
55 55 0 0
64 64 0 0
34 34 0 0
77 6 44 115
38 38 0 0
1 80 218 139
0 114 150 36
57 57 28 28
3 16 13 0
0 0 0 0
0 0 0 0
146 143 0 3
67 67 0 0
71 78 7 0
56 56 0 0
125 138 13 0
33 1 11 43
44 44 0 0
0 22 22 0
5 3 54 56
5 5 0 0
79 75 80 84
85 87 10 8
157 140 28 45
118 127 35 26
198 198 0 0
101 73 0 28
146 146 0 0
12 18 6 0
0 19 106 87
24 24 0 0
266 266 0 0
62 64 2 0
152 156 5 1
127 127 0 0
48 35 71 84
88 88 0 0
33 27 13 19
8 21 27 14
568 568 0 0
51 51 0 0
0 24 76 52
0 5 25 20
0 15 54 39
13 13 0 0
186 186 0 0
20 20 0 0
214 157 7 64
142 142 0 0
67 67 0 0
0 4 27 23
94 94 0 0
0 0 0 0
4 10 63 57
1 1 0 0
131 131 0 0
35 35 0 0
95 33 69 131
65 65 0 0
71 71 10 10
30 44 14 0
196 196 0 0
190 190 0 0
86 86 0 0
0 0 0 0
51 51 0 0
24 24 0 0
100 100 0 0
0 11 22 11
60 60 0 0
48 50 2 0
109 113 4 0
8 12 4 0
488 488 0 0
249 252 3 0
19 10 17 26
0 0 0 0
4 4 0 0
87 87 0 0
130 94 64 100
1 2 33 32
36 36 0 0
0 7 92 85
185 200 27 12
0 0 0 0
58 53 6 11
28 28 0 0
81 81 0 0
48 48 0 0
28 13 30 45
61 61 0 0
2 6 4 0
72 72 0 0
147 159 12 0
32 6 11 37
13 15 9 7
0 0 0 0
100 100 0 0
30 30 0 0
81 90 9 0
16 28 12 0
50 86 36 0
0 15 31 16
0 6 21 15
16 16 0 0
0 0 0 0
0 22 38 16
111 108 45 48
24 24 0 0
301 301 0 0
18 18 0 0
203 203 0 0
7 7 0 0
51 52 1 0
2 4 40 38
0 0 0 0
0 0 0 0
144 144 0 0
118 118 0 0
53 55 23 21
25 40 74 59
106 92 97 111
17 17 0 0
70 70 0 0
0 16 16 0
181 211 68 38
153 153 10 10
115 115 0 0
15 15 0 0
139 139 0 0
48 48 0 0
57 57 0 0
0 5 27 22
129 122 74 81
0 0 0 0
27 89 62 0
0 32 42 10
79 79 0 0
39 46 7 0
63 63 0 0
4 41 52 15
0 31 64 33
3 3 0 0
55 3 0 52
39 39 0 0
7 3 102 106
88 93 5 0
86 39 33 80
16 2 51 65
0 17 34 17
0 11 22 11
272 287 23 8
117 115 0 2
172 178 6 0
53 53 0 0
118 27 7 98
50 50 0 0
130 126 41 45
60 33 0 27
92 92 0 0
76 54 6 28
0 37 56 19
36 36 0 0
197 197 0 0
23 25 2 0
71 65 45 51
85 85 0 0
89 71 10 28
2 2 99 99
45 45 0 0
30 30 0 0
96 96 0 0
40 40 0 0
0 22 146 124
0 24 45 21
24 25 36 35
32 32 0 0
33 33 0 0
0 28 28 0
0 8 49 41
47 47 0 0
148 153 44 39
0 18 33 15
0 59 77 18
42 51 9 0
71 82 19 8
18 18 0 0
93 104 11 0
0 0 0 0
140 160 20 0
1 10 106 97
302 212 71 161
5 5 0 0
69 69 0 0
18 7 22 33
21 28 7 0
15 15 24 24
110 110 0 0
56 56 0 0
90 95 5 0
36 36 0 0
0 16 77 61
0 5 31 26
144 144 0 0
0 0 0 0
0 6 44 38
52 52 0 0
39 53 14 0
0 0 0 0
56 67 47 36
12 12 0 0
154 75 188 267
8 41 69 36
101 115 14 0
28 17 17 28
76 76 0 0
30 30 0 0
84 84 0 0
18 21 3 0
117 119 13 11
0 0 0 0
66 66 0 0
2 13 20 9
59 59 0 0
67 67 0 0
202 202 0 0
17 4 143 156
51 51 0 0
32 32 0 0
7 2 35 40
0 15 15 0
68 46 60 82
18 43 70 45
83 83 0 0
37 37 0 0
161 161 0 0
11 11 0 0
62 1 6 67
0 7 12 5
44 44 0 0
0 12 12 0
63 63 0 0
15 24 24 15
29 29 0 0
0 12 29 17
416 407 9 18
112 128 16 0
200 200 0 0
149 149 0 0
80 72 21 29
33 35 29 27
5 61 56 0
15 30 28 13
120 44 29 105
28 43 15 0
69 69 0 0
0 9 40 31
55 55 0 0
40 40 0 0
167 169 2 0
49 49 0 0
150 150 0 0
17 17 52 52
45 45 0 0
12 36 26 2
0 5 108 103
54 54 0 0
4 12 203 195
49 51 2 0
1 10 115 106
0 27 27 0
95 19 0 76
15 17 33 31
58 58 0 0
45 45 0 0
60 60 0 0
19 25 6 0
110 110 0 0
68 83 15 0
54 91 37 0
14 26 48 36
102 117 15 0
8 8 0 0
15 8 14 21
0 0 0 0
37 68 36 5
0 0 0 0
135 135 0 0
0 46 52 6
9 23 14 0
54 54 0 0
24 30 28 22
31 31 0 0
107 107 0 0
23 23 0 0
384 361 14 37
42 36 16 22
585 575 60 70
119 119 0 0
228 228 0 0
86 90 4 0
101 85 4 20
35 3 75 107
0 9 110 101
0 7 46 39
0 6 20 14
0 6 13 7
0 35 37 2
0 26 26 0
3 22 163 144
17 18 1 0
170 170 0 0
56 56 9 9
65 71 6 0
0 19 21 2
47 48 17 16
10 20 21 11
206 208 2 0
0 5 5 0
88 29 25 84
82 82 0 0
2 2 0 0
0 0 0 0
4 3 131 132
0 31 54 23
89 102 13 0
29 29 0 0
0 0 0 0
0 5 40 35
59 59 0 0
19 13 13 19
53 114 61 0
12 12 10 10
60 44 7 23
52 52 0 0
0 0 0 0
16 16 0 0
165 165 0 0
17 4 101 114
105 105 0 0
40 40 13 13
270 275 47 42
27 27 0 0
69 74 5 0
97 97 0 0
221 221 0 0
117 118 1 0
0 47 107 60
0 20 52 32
60 60 0 0
36 5 5 36
162 183 31 10
22 22 0 0
55 67 12 0
19 19 0 0
11 45 40 6
44 44 0 0
127 127 0 0
16 16 0 0
160 150 23 33
23 16 24 31
186 134 81 133
77 77 0 0
0 14 33 19
6 16 13 3
72 72 0 0
6 24 60 42
113 104 9 18
1 21 57 37
160 159 81 82
41 44 3 0
168 168 0 0
175 175 0 0
47 68 21 0
7 21 29 15
24 2 67 89
23 23 0 0
329 353 24 0
62 59 58 61
88 62 17 43
71 71 0 0
132 132 0 0
65 65 0 0
396 396 0 0
0 0 0 0
76 76 0 0
69 69 0 0
0 0 0 0
0 0 0 0
22 22 0 0
0 0 0 0
143 150 7 0
135 135 0 0
0 6 62 56
24 24 0 0
0 0 0 0
0 0 0 0
70 72 2 0
63 63 0 0
50 50 0 0
41 41 3 3
61 53 71 79
3 30 61 34
199 199 0 0
250 250 0 0
51 8 0 43
34 9 18 43
120 120 0 0
49 49 0 0
153 169 16 0
71 71 0 0
101 101 0 0
46 46 0 0
561 563 2 0
22 22 0 0
0 34 39 5
0 28 33 5
254 282 34 6
34 34 0 0
125 140 15 0
19 19 0 0
414 414 0 0
158 158 0 0
68 68 0 0
0 25 78 53
139 141 29 27
0 9 37 28
24 24 0 0
0 4 30 26
41 65 24 0
0 30 33 3
59 59 0 0
2 24 22 0
38 55 141 124
35 30 5 10
71 2 2 71
3 3 0 0
38 53 15 0
24 24 0 0
54 54 0 0
0 7 17 10
6 72 115 49
0 3 53 50
133 133 0 0
80 83 3 0
119 119 0 0
97 97 0 0
27 27 0 0
0 24 24 0
103 99 13 17
61 51 49 59
175 185 49 39
28 34 6 0
73 73 0 0
1 27 26 0
9 22 50 37
19 10 11 20
167 45 363 485
8 8 0 0
280 285 46 41
32 32 0 0
64 66 47 45
30 30 0 0
87 91 4 0
0 14 19 5
16 26 165 155
22 56 34 0
2 37 44 9
0 17 25 8
111 111 0 0
54 54 0 0
80 7 128 201
7 64 114 57
131 131 0 0
54 54 0 0
121 26 5 100
18 23 5 0
78 78 0 0
2 14 42 30
47 50 64 61
13 17 10 6
80 102 22 0
0 0 0 0
124 134 11 1
47 47 0 0
56 53 7 10
0 0 0 0
42 60 18 0
0 12 42 30
38 42 129 125
42 17 22 47
132 132 0 0
0 23 27 4
0 34 34 0
0 4 34 30
6 16 58 48
13 15 6 4
131 145 14 0
60 35 10 35
76 76 0 0
48 48 0 0
90 90 0 0
51 51 0 0
96 142 61 15
0 0 0 0
242 215 60 87
35 30 100 105
92 39 60 113
0 15 48 33
32 20 76 88
58 21 10 47
91 16 28 103
31 31 0 0
158 200 128 86
100 100 0 0
7 7 0 0
45 45 0 0
107 107 0 0
4 14 92 82
88 63 40 65
30 59 29 0
101 136 48 13
89 89 0 0
363 369 87 81
132 152 20 0
0 48 87 39
0 6 30 24
23 28 5 0
43 2 0 41
94 85 46 55
9 9 0 0
124 130 107 101
32 32 0 0
158 182 24 0
27 27 0 0
195 195 0 0
17 17 0 0
72 46 9 35
58 110 52 0
0 0 0 0
0 0 0 0
123 123 0 0
38 38 0 0
79 3 34 110
0 11 11 0
115 143 28 0
0 0 0 0
337 337 0 0
91 91 0 0
9 9 54 54
19 19 0 0
80 80 0 0
0 0 0 0
192 211 170 151
17 34 74 57
79 79 0 0
30 30 0 0
43 36 121 128
1 10 25 16
203 203 0 0
32 32 0 0
76 77 1 0
3 38 35 0
71 10 91 152
0 18 36 18
78 81 20 17
38 38 0 0
82 65 14 31
86 86 0 0
62 62 0 0
23 32 29 20
0 0 0 0
45 45 0 0
93 93 0 0
0 0 0 0
0 0 0 0
7 13 37 31
0 0 0 0
0 0 0 0
36 67 31 0
0 0 0 0
6 6 0 0
0 0 0 0
100 105 26 21
90 95 5 0
9 69 100 40
46 46 0 0
0 9 60 51
43 43 0 0
62 45 28 45
17 19 8 6
73 94 40 19
23 23 0 0
54 54 0 0
47 3 0 44
71 71 0 0
54 63 17 8
782 793 11 0
48 58 16 6
0 0 0 0
0 0 0 0
95 7 17 105
0 2 25 23
101 110 9 0
65 65 0 0
132 184 52 0
84 157 77 4
195 10 2 187
22 22 0 0
57 57 0 0
0 3 22 19
355 305 136 186
81 88 7 0
105 124 19 0
14 14 0 0
0 86 142 56
15 22 25 18
39 41 2 0
59 62 3 0
91 91 0 0
0 0 0 0
43 43 0 0
56 56 0 0
6 6 83 83
24 17 26 33
83 35 8 56
0 14 19 5
162 185 31 8
47 47 0 0
281 310 29 0
70 70 0 0
0 8 50 42
25 25 0 0
151 151 0 0
21 21 0 0
89 89 0 0
0 0 0 0
53 51 78 80
28 28 0 0
90 134 44 0
45 14 8 39
2 2 38 38
12 12 0 0
105 105 0 0
20 20 0 0
25 63 56 18
28 57 29 0
102 29 25 98
0 27 27 0
0 0 0 0
20 20 0 0
36 7 24 53
1 8 28 21
0 14 29 15
18 18 0 0
77 95 30 12
0 9 18 9
96 109 13 0
48 48 0 0
67 67 0 0
92 88 7 11
54 54 0 0
0 13 28 15
284 263 24 45
76 76 0 0
549 551 2 0
75 78 14 11
6 43 40 3
18 18 0 0
80 80 0 0
13 14 16 15
256 224 21 53
0 21 23 2
59 59 0 0
37 37 0 0
1 12 29 18
1 19 18 0
185 185 0 0
46 46 0 0
10 18 161 153
0 8 14 6
36 44 8 0
0 0 0 0
14 31 17 0
0 12 12 0
0 3 87 84
0 24 50 26
44 44 0 0
23 23 0 0
283 282 40 41
20 20 43 43
0 0 0 0
71 71 0 0
57 57 0 0
0 7 12 5
243 243 0 0
51 59 8 0
104 104 0 0
26 26 0 0
205 169 238 274
13 13 0 0
104 96 0 8
0 0 0 0
59 59 0 0
44 44 0 0
127 148 36 15
13 23 10 0
172 172 0 0
79 83 13 9
0 4 54 50
0 3 15 12
254 254 0 0
14 14 0 0
501 501 0 0
32 33 1 0
121 96 105 130
13 23 27 17
147 152 35 30
0 20 20 0
90 103 28 15
1 10 65 56
46 32 61 75
62 62 0 0
85 85 0 0
16 65 49 0
138 3 5 140
40 40 0 0
186 186 0 0
162 162 0 0
65 41 36 60
12 10 32 34
26 52 26 0
45 45 0 0
79 100 21 0
18 95 82 5
0 28 28 0
29 29 0 0
288 249 29 68
173 173 0 0
0 26 38 12
16 16 0 0
27 101 162 88
41 41 0 0
84 84 0 0
78 78 0 0
59 59 0 0
89 89 0 0
52 52 0 0
140 140 0 0
100 103 3 0
42 42 0 0
57 57 0 0
39 39 0 0
0 0 0 0
0 11 28 17
77 127 50 0
0 12 17 5
633 633 0 0
37 37 0 0
430 430 0 0
0 0 0 0
2 6 95 91
16 16 0 0
113 113 0 0
69 69 0 0
0 32 88 56
0 32 45 13
54 3 59 110
14 14 0 0
214 123 20 111
15 15 0 0
0 0 0 0
0 11 11 0
77 77 0 0
5 28 23 0
68 75 32 25
58 69 38 27
47 3 1 45
0 33 67 34
137 137 0 0
31 31 0 0
0 0 0 0
0 0 0 0
84 84 0 0
21 6 8 23
16 5 158 169
24 24 0 0
68 94 29 3
38 34 40 44
17 17 0 0
6 6 0 0
6 66 75 15
67 67 0 0
145 147 2 0
61 101 40 0
0 20 50 30
44 44 0 0
79 79 0 0
29 29 0 0
22 21 84 85
0 37 37 0
62 58 0 4
27 27 0 0
52 52 0 0
0 18 40 22
0 0 0 0
0 0 0 0
0 0 0 0
9 3 3 9
53 53 0 0
0 5 32 27
215 172 224 267
0 10 25 15
47 25 16 38
42 42 0 0
37 37 0 0
11 25 27 13
54 81 40 13
10 21 59 48
106 106 0 0
89 89 0 0
34 35 99 98
27 34 39 32
71 71 0 0
41 41 0 0
143 143 0 0
9 9 0 0
137 137 0 0
137 137 0 0
31 51 40 20
34 34 0 0
91 120 134 105
10 14 44 40
13 9 99 103
59 59 0 0
84 75 0 9
42 42 0 0
35 82 47 0
49 49 0 0
49 49 0 0
46 52 6 0
43 49 6 0
0 0 0 0
52 52 0 0
0 26 36 10
218 218 0 0
130 130 0 0
89 89 0 0
91 91 0 0
22 33 320 309
50 24 101 127
153 148 5 10
63 63 0 0
89 9 0 80
60 60 0 0
86 29 32 89
33 39 6 0
61 61 0 0
59 59 0 0
0 0 0 0
0 21 21 0
102 102 0 0
7 21 14 0
84 84 0 0
21 21 0 0
41 41 0 0
13 39 26 0
381 381 0 0
23 13 2 12
3 24 151 130
3 14 15 4
116 116 0 0
0 0 0 0
113 6 22 129
35 35 0 0
87 87 0 0
35 35 0 0
1 1 41 41
4 26 22 0
0 28 40 12
15 15 0 0
107 107 0 0
61 88 27 0
40 53 18 5
36 36 0 0
82 82 0 0
61 61 0 0
89 92 3 0
30 30 0 0
0 10 56 46
30 30 0 0
75 103 28 0
3 9 35 29
85 85 0 0
0 13 16 3
0 0 0 0
0 53 116 63
70 70 0 0
50 12 24 62
0 55 55 0
1 7 6 0
36 36 2 2
0 4 27 23
142 142 0 0
26 26 0 0
77 77 0 0
25 17 2 10
124 141 17 0
75 11 7 71
88 88 0 0
28 28 0 0
0 18 92 74
0 45 45 0
0 0 0 0
0 0 0 0
103 134 31 0
61 61 0 0
46 46 0 0
0 0 0 0
22 22 0 0
0 2 2 0
50 28 13 35
0 18 18 0
107 107 0 0
37 37 0 0
197 193 99 103
7 22 70 55
0 0 0 0
0 16 33 17
100 100 0 0
27 27 0 0
90 95 5 0
29 29 0 0
32 37 58 53
25 25 0 0
0 0 0 0
45 45 0 0
0 0 0 0
0 0 0 0
44 68 24 0
42 42 0 0
129 168 58 19
39 39 0 0
109 124 15 0
0 0 0 0
0 0 0 0
0 0 0 0
127 129 49 47
63 93 86 56
46 76 30 0
12 4 66 74
71 71 0 0
19 20 20 19
27 12 14 29
0 0 0 0
29 69 89 49
4 4 0 0
49 49 0 0
30 25 7 12
173 173 0 0
27 27 0 0
83 86 3 0
62 2 2 62
161 161 0 0
74 74 0 0
220 224 4 0
26 38 12 0
55 55 0 0
0 8 26 18
51 51 6 6
24 18 17 23
142 143 14 13
41 41 0 0
312 312 0 0
33 33 0 0
137 125 0 12
109 109 0 0
8 50 42 0
0 3 19 16
86 86 0 0
70 70 0 0
0 0 0 0
22 22 0 0
250 250 0 0
42 42 0 0
136 136 0 0
117 125 8 0
68 68 0 0
59 3 5 61
53 57 4 0
24 45 26 5
61 61 0 0
0 0 0 0
92 39 7 60
0 15 15 0
99 99 0 0
22 22 4 4
98 98 0 0
0 0 0 0
167 183 16 0
29 31 2 0
98 83 85 100
62 68 13 7
95 81 52 66
0 52 59 7
195 195 0 0
42 42 0 0
85 85 0 0
18 18 0 0
149 149 0 0
72 72 0 0
186 186 0 0
69 69 0 0
188 184 21 25
43 43 0 0
138 144 6 0
10 36 57 31
0 46 74 28
7 7 0 0
115 115 0 0
46 46 0 0
87 75 81 93
11 3 47 55
47 63 16 0
31 31 0 0
18 44 26 0
99 99 0 0
70 70 0 0
40 40 0 0
0 0 0 0
0 29 33 4
0 0 0 0
76 76 0 0
165 172 7 0
46 46 0 0
0 2 116 114
16 4 0 12
93 66 9 36
45 45 0 0
66 84 34 16
89 89 0 0
328 328 0 0
206 206 0 0
93 93 0 0
35 35 0 0
40 26 40 54
0 58 61 3
144 144 0 0
67 75 22 14
0 0 0 0
0 0 0 0
126 126 0 0
31 31 0 0
42 42 0 0
40 40 0 0
54 98 44 0
34 34 0 0
36 36 0 0
4 8 15 11
50 50 0 0
41 49 9 1
53 53 0 0
2 35 37 4
12 12 0 0
76 76 0 0
181 176 181 186
15 49 34 0
37 20 52 69
0 32 58 26
60 64 9 5
33 33 0 0
120 7 7 120
22 22 0 0
0 0 0 0
37 37 0 0
483 444 17 56
102 102 0 0
107 107 0 0
65 65 0 0
323 289 166 200
98 92 45 51
88 88 0 0
0 21 40 19
113 130 17 0
26 26 0 0
62 64 241 239
17 32 119 104
70 86 29 13
17 17 0 0
118 172 81 27
30 56 38 12
215 207 20 28
0 22 67 45
0 18 37 19
23 23 0 0
178 178 0 0
0 0 0 0
0 30 70 40
1 28 49 22
15 34 62 43
0 27 32 5
46 35 21 32
0 21 23 2
28 22 83 89
28 28 0 0
32 31 93 94
26 19 64 71
135 139 4 0
133 133 0 0
360 360 130 130
93 93 0 0
3 7 50 46
42 42 0 0
0 0 0 0
54 54 0 0
19 50 31 0
7 26 36 17
0 38 47 9
0 19 20 1
112 97 57 72
25 25 0 0
78 78 0 0
1 11 31 21
74 74 0 0
34 34 0 0
88 88 0 0
57 57 0 0
52 52 0 0
0 0 0 0
68 68 0 0
59 59 0 0
88 93 23 18
0 6 30 24
0 0 0 0
0 0 0 0
52 56 4 0
0 20 20 0
19 23 59 55
1 32 31 0
0 17 25 8
34 7 0 27
5 10 5 0
26 48 22 0
130 135 13 8
42 43 1 0
13 13 0 0
21 21 0 0
128 128 0 0
46 46 0 0
47 56 91 82
0 16 32 16
646 646 0 0
49 49 0 0
70 6 6 70
0 9 25 16
60 60 0 0
23 24 8 7
170 170 0 0
1 3 56 54
687 687 0 0
23 23 0 0
100 100 0 0
52 40 33 45
90 88 65 67
44 44 0 0
96 96 6 6
46 46 0 0
134 103 48 79
1 1 0 0
0 0 0 0
0 0 0 0
94 107 13 0
63 59 0 4
36 70 46 12
78 78 0 0
96 2 14 108
37 6 3 34
0 6 44 38
0 15 15 0
173 173 0 0
100 100 0 0
0 24 137 113
38 38 0 0
209 45 16 180
66 66 0 0
0 41 41 0
14 14 0 0
1 28 95 68
0 54 100 46
55 91 36 0
34 34 0 0
87 87 0 0
0 19 19 0
82 80 7 9
55 59 39 35
327 332 5 0
184 175 19 28
61 88 31 4
90 90 0 0
284 284 0 0
41 27 4 18
107 107 0 0
99 81 0 18
79 40 25 64
80 80 0 0
103 103 0 0
16 30 14 0
68 83 17 2
25 25 0 0
0 30 171 141
8 15 77 70
196 148 75 123
53 45 90 98
123 125 25 23
16 16 0 0
20 83 73 10
34 34 0 0
120 120 0 0
60 70 10 0
0 0 0 0
37 37 0 0
0 8 25 17
0 0 0 0
90 75 130 145
19 19 0 0
239 239 0 0
198 198 0 0
72 61 24 35
0 14 66 52
0 68 68 0
32 32 0 0
70 108 74 36
55 55 0 0
70 70 0 0
56 58 2 0
62 62 0 0
0 22 22 0
108 114 6 0
18 29 11 0
190 190 0 0
42 42 0 0
47 47 0 0
7 25 24 6
0 0 0 0
0 0 0 0
45 45 0 0
0 0 0 0
111 123 18 6
21 79 58 0
30 30 0 0
0 0 0 0
11 21 53 43
39 39 0 0
114 114 0 0
78 78 0 0
0 46 46 0
29 29 0 0
43 43 0 0
6 25 19 0
122 145 23 0
20 20 0 0
27 27 0 0
15 28 22 9
161 175 14 0
78 138 93 33
98 106 11 3
0 9 16 7
832 736 114 210
0 19 41 22
0 37 56 19
40 40 0 0
164 165 1 0
35 27 11 19
0 0 0 0
28 28 0 0
0 0 0 0
29 29 0 0
115 117 2 0
30 30 0 0
139 145 6 0
35 35 0 0
94 94 0 0
15 20 5 0
6 13 28 21
39 39 0 0
57 57 0 0
72 3 6 75
0 0 0 0
23 23 0 0
22 36 22 8
14 14 0 0
0 3 81 78
0 8 46 38
0 12 135 123
71 71 0 0
198 210 46 34
22 49 27 0
347 367 36 16
0 20 20 0
207 207 0 0
34 34 0 0
88 6 6 88
44 44 0 0
81 81 0 0
6 13 7 0
2 14 24 12
27 54 30 3
1 41 40 0
4 20 20 4
76 76 0 0
50 50 0 0
73 73 0 0
18 18 0 0
126 126 0 0
23 23 0 0
6 8 204 202
0 80 118 38
0 0 0 0
0 0 0 0
33 33 0 0
0 25 30 5
71 71 0 0
49 55 6 0
0 7 43 36
0 18 32 14
79 27 2 54
0 16 16 0
116 108 9 17
4 50 71 25
0 0 0 0
41 41 0 0
36 36 0 0
0 37 47 10
62 62 0 0
60 60 0 0
249 284 35 0
43 43 0 0
0 0 0 0
17 17 7 7
26 26 0 0
0 0 0 0
41 58 17 0
18 18 0 0
88 88 0 0
0 8 50 42
4 11 137 130
41 43 41 39
18 45 37 10
17 47 30 0
1 42 61 20
2 29 27 0
0 0 0 0
0 23 28 5
45 45 0 0
0 40 40 0
2 34 54 22
0 0 0 0
43 43 0 0
28 28 0 0
51 51 0 0
50 50 0 0
160 160 0 0
6 28 30 8
108 108 0 0
0 3 58 55
165 172 7 0
26 26 0 0
51 51 0 0
2 6 4 0
1 15 142 128
59 59 0 0
56 56 0 0
29 29 0 0
17 17 0 0
65 65 0 0
46 57 11 0
0 24 33 9
0 22 53 31
35 35 1 1
62 64 7 5
35 35 0 0
21 17 73 77
0 21 21 0
25 6 134 153
0 12 19 7
6 6 0 0
0 35 47 12
19 67 175 127
61 25 21 57
112 112 0 0
16 16 11 11
286 277 16 25
50 50 0 0
0 0 0 0
0 0 0 0
65 42 31 54
0 11 49 38
0 0 0 0
20 20 0 0
92 2 21 111
44 44 0 0
323 326 48 45
0 0 0 0
37 31 39 45
53 45 11 19
112 138 37 11
91 91 0 0
133 153 29 9
24 20 34 38
109 105 239 243
48 48 0 0
146 169 66 43
155 157 2 0
95 84 14 25
12 12 0 0
198 198 0 0
2 26 39 15
26 57 52 21
0 2 2 0
0 29 54 25
0 16 16 0
24 30 74 68
65 67 2 0
69 69 0 0
5 9 42 38
94 100 6 0
36 6 11 41
203 166 2 39
41 41 0 0
0 50 50 0
0 21 49 28
33 33 0 0
0 0 0 0
110 132 29 7
0 8 102 94
113 113 0 0
0 9 79 70
22 22 0 0
0 0 0 0
203 217 17 3
0 6 16 10
116 116 0 0
105 105 0 0
126 134 8 0
29 29 0 0
69 66 35 38
10 10 0 0
195 213 27 9
75 75 0 0
436 452 16 0
69 69 4 4
65 65 0 0
44 44 0 0
263 275 73 61
134 151 31 14
122 138 16 0
61 61 0 0
139 139 0 0
70 70 0 0
61 82 32 11
7 3 61 65
121 121 0 0
108 108 0 0
54 20 5 39
0 44 60 16
30 35 5 0
8 16 21 13
66 66 0 0
16 39 23 0
45 45 44 44
6 20 14 0
180 191 11 0
116 116 0 0
55 55 0 0
0 0 0 0
92 92 0 0
65 65 0 0
77 61 27 43
6 6 0 0
104 119 21 6
25 15 18 28
50 50 0 0
1 6 20 15
52 52 0 0
60 60 0 0
2 6 113 109
0 14 42 28
12 12 0 0
0 0 0 0
67 83 25 9
5 47 51 9
135 137 2 0
6 3 32 35
114 114 0 0
0 19 19 0
0 0 0 0
11 2 35 44
5 81 133 57
0 29 29 0
40 24 93 109
26 26 0 0
0 45 59 14
34 34 0 0
144 144 0 0
27 30 23 20
0 0 0 0
0 0 0 0
117 102 33 48
57 57 67 67
21 13 18 26
21 21 0 0
0 24 45 21
37 37 0 0
87 91 82 78
8 39 31 0
10 35 34 9
19 19 0 0
75 75 0 0
41 41 0 0
111 111 0 0
16 16 0 0
128 128 0 0
7 23 16 0
22 22 0 0
20 20 0 0
145 145 0 0
56 56 0 0
75 75 0 0
41 41 0 0
10 13 36 33
26 26 0 0
0 0 0 0
59 59 0 0
56 56 0 0
9 9 0 0
99 89 31 41
0 4 15 11
52 52 0 0
0 6 31 25
62 62 0 0
0 0 0 0
61 61 0 0
6 34 28 0
72 72 0 0
2 4 2 0
48 48 0 0
34 43 28 19
154 154 0 0
0 30 30 0
57 61 4 0
2 16 14 0
93 103 10 0
37 40 3 0
4 3 63 64
0 14 34 20
71 71 0 0
52 52 0 0
20 18 25 27
0 22 22 0
110 110 0 0
10 10 0 0
29 29 35 35
32 32 0 0
25 25 132 132
10 10 0 0
101 104 88 85
0 63 68 5
252 252 0 0
69 56 89 102
202 215 16 3
81 81 0 0
82 82 0 0
3 2 23 24
0 0 0 0
0 0 0 0
9 9 0 0
33 33 0 0
0 68 130 62
0 19 33 14
107 130 30 7
19 19 0 0
74 74 0 0
70 77 29 22
99 32 32 99
47 47 0 0
470 470 0 0
1 44 57 14
174 174 0 0
27 27 0 0
195 195 0 0
28 28 0 0
0 0 0 0
45 45 0 0
96 96 0 0
0 18 33 15
59 59 63 63
57 16 38 79
16 11 38 43
30 30 0 0
70 70 0 0
0 6 19 13
0 28 71 43
23 23 0 0
147 147 0 0
24 24 0 0
217 192 31 56
100 106 6 0
91 94 3 0
0 0 0 0
0 19 43 24
19 19 0 0
0 0 0 0
0 0 0 0
0 0 0 0
0 0 0 0
0 11 65 54
34 43 17 8
85 47 409 447
32 24 11 19
0 20 32 12
0 9 44 35
95 99 4 0
15 15 0 0
0 39 39 0
16 12 0 4
0 0 0 0
7 12 5 0
167 167 0 0
0 0 0 0
14 8 144 150
8 15 7 0
56 56 0 0
49 49 0 0
125 125 0 0
84 84 0 0
78 78 0 0
97 97 0 0
57 57 0 0
0 0 0 0
144 144 0 0
0 0 0 0
89 91 85 83
136 138 8 6
149 149 0 0
16 16 0 0
32 39 7 0
44 44 0 0
0 38 52 14
13 13 0 0
99 14 6 91
8 8 0 0
58 3 3 58
24 31 7 0
125 148 53 30
61 61 0 0
18 68 82 32
0 5 9 4
87 87 0 0
26 26 0 0
92 92 0 0
11 32 36 15
64 64 0 0
22 34 12 0
170 170 0 0
54 58 4 0
190 190 0 0
0 0 0 0
116 116 0 0
25 25 0 0
153 153 0 0
151 151 0 0
66 66 0 0
27 27 0 0
0 51 84 33
52 52 0 0
60 60 0 0
42 36 21 27
125 125 0 0
0 0 0 0
221 221 0 0
0 21 21 0
69 41 85 113
0 0 0 0
1 57 95 39
39 41 7 5
129 129 0 0
32 32 0 0
59 59 0 0
0 15 24 9
94 99 35 30
27 27 0 0
166 10 14 170
32 8 37 61
53 53 0 0
10 17 47 40
45 68 104 81
120 110 6 16
0 106 123 17
20 20 0 0
0 0 0 0
40 41 1 0
0 21 100 79
5 17 18 6
143 110 59 92
113 120 7 0
114 8 8 114
50 50 0 0
26 6 28 48
0 26 34 8
169 165 0 4
69 71 49 47
108 108 0 0
48 48 0 0
63 63 0 0
26 3 1 24
26 3 0 23
0 21 21 0
63 8 34 89
39 39 0 0
101 60 30 71
50 50 0 0
124 124 0 0
64 64 0 0
159 11 16 164
10 10 0 0
44 44 0 0
3 3 0 0
218 218 0 0
0 0 0 0
0 0 0 0
1 20 19 0
293 293 0 0
40 40 0 0
108 108 0 0
0 21 35 14
73 124 51 0
25 25 0 0
59 59 0 0
0 25 25 0
74 74 0 0
82 99 19 2
24 42 61 43
0 0 0 0
56 54 0 2
0 6 44 38
56 56 0 0
0 14 14 0
0 25 28 3
0 25 36 11
300 300 0 0
13 11 18 20
251 251 0 0
8 8 0 0
68 4 3 67
0 5 33 28
69 79 28 18
42 56 14 0
39 39 0 0
2 4 35 33
41 41 0 0
54 54 0 0
105 105 0 0
4 5 27 26
41 41 0 0
3 3 0 0
51 44 35 42
0 5 67 62
190 156 101 135
8 12 34 30
66 66 0 0
0 0 0 0
118 118 0 0
34 20 27 41
35 92 83 26
20 20 0 0
0 12 117 105
0 14 70 56
40 21 15 34
32 32 0 0
68 10 9 67
58 3 4 59
0 0 0 0
0 0 0 0
0 30 30 0
18 18 0 0
0 0 0 0
8 10 18 16
116 131 21 6
3 6 66 63
225 192 63 96
107 107 0 0
0 0 0 0
28 28 0 0
164 149 63 78
96 98 2 0
48 69 46 25
11 48 37 0
142 142 0 0
58 58 0 0
30 36 159 153
3 55 52 0
73 114 41 0
3 6 18 15
204 206 2 0
38 38 0 0
62 62 0 0
2 17 15 0
2 47 62 17
6 29 23 0
325 325 0 0
29 29 0 0
227 227 0 0
0 0 0 0
91 100 9 0
68 68 0 0
75 80 52 47
0 15 97 82
29 16 155 168
0 11 114 103
144 149 8 3
22 22 0 0
141 142 1 0
27 27 0 0
122 122 0 0
78 78 0 0
81 81 0 0
77 77 0 0
70 30 97 137
59 68 9 0
221 242 21 0
5 21 68 52
30 4 3 29
0 28 28 0
45 52 12 5
12 12 0 0
42 42 0 0
3 4 13 12
102 24 17 95
77 77 0 0
61 68 40 33
28 28 0 0
140 140 0 0
109 109 0 0
100 107 7 0
35 35 0 0
0 84 139 55
48 49 1 0
83 63 51 71
0 14 86 72
119 119 0 0
59 59 0 0
51 51 0 0
19 36 17 0
145 147 2 0
83 83 0 0
103 103 0 0
90 90 0 0
103 103 0 0
30 30 0 0
26 26 0 0
0 0 0 0
17 22 147 142
26 26 0 0
69 69 0 0
45 45 0 0
49 49 0 0
0 29 76 47
131 131 0 0
0 8 22 14
158 158 0 0
0 0 0 0
46 46 0 0
5 9 23 19
629 629 0 0
11 11 0 0
89 89 0 0
49 53 4 0
162 162 0 0
93 93 0 0
105 105 0 0
63 63 0 0
71 16 6 61
18 18 0 0
503 483 241 261
64 9 63 118
0 4 48 44
52 52 0 0
14 17 203 200
39 28 12 23
23 66 52 9
0 26 26 0
0 7 57 50
0 4 47 43
40 40 0 0
0 3 7 4
0 0 0 0
0 0 0 0
1 6 100 95
5 3 48 50
62 62 0 0
38 38 0 0
3 10 42 35
0 38 38 0
37 34 20 23
48 48 0 0
134 134 0 0
0 0 0 0
95 95 0 0
94 100 6 0
60 60 0 0
2 8 10 4
61 59 0 2
37 44 28 21
94 94 0 0
52 52 0 0
167 170 12 9
19 19 0 0
123 123 0 0
25 25 0 0
171 171 0 0
4 11 7 0
42 42 0 0
0 7 43 36
56 56 0 0
21 21 0 0
213 235 53 31
95 69 9 35
8 33 34 9
0 6 52 46
0 0 0 0
95 95 0 0
0 0 0 0
0 0 0 0
0 0 0 0
70 70 0 0
425 429 4 0
89 96 7 0
0 15 62 47
15 15 0 0
66 3 1 64
53 53 0 0
281 287 36 30
143 167 26 2
55 55 0 0
0 25 25 0
33 33 0 0
0 18 36 18
140 127 28 41
7 2 0 5
0 6 47 41
15 15 22 22
358 361 9 6
56 56 0 0
50 50 0 0
38 15 12 35
172 174 2 0
0 0 0 0
73 73 0 0
0 9 23 14
118 134 50 34
164 185 21 0
113 117 4 0
66 66 0 0
93 100 7 0
74 74 0 0
114 114 0 0
0 0 0 0
185 202 22 5
16 16 0 0
23 17 187 193
0 0 0 0
92 92 0 0
98 98 0 0
175 167 1 9
100 119 19 0
85 99 99 85
90 102 12 0
169 169 0 0
14 28 46 32
59 7 13 65
72 72 0 0
408 419 11 0
149 171 24 2
43 63 99 79
109 120 11 0
4 15 99 88
3 22 34 15
183 187 57 53
40 43 3 0
50 43 31 38
30 30 0 0
190 38 55 207
10 2 2 10
0 0 0 0
13 13 0 0
15 18 31 28
0 20 24 4
139 9 7 137
56 64 8 0
155 155 0 0
87 87 0 0
0 47 155 108
0 35 35 0
4 2 235 237
54 54 0 0
120 120 0 0
23 65 42 0
136 136 0 0
0 0 0 0
0 0 0 0
21 21 0 0
6 31 70 45
35 19 15 31
106 106 0 0
0 50 59 9
0 0 0 0
16 16 0 0
84 7 0 77
44 44 0 0
0 18 260 242
35 37 2 0
288 288 0 0
0 0 0 0
125 13 13 125
22 22 0 0
47 4 63 106
62 62 0 0
78 79 8 7
0 0 0 0
25 25 0 0
10 10 57 57
16 31 30 15
44 44 0 0
0 0 0 0
28 28 0 0
164 168 16 12
71 62 0 9
124 124 0 0
18 18 0 0
88 90 54 52
0 6 29 23
116 76 8 48
37 37 0 0
0 0 0 0
2 7 42 37
117 130 13 0
0 11 32 21
133 157 79 55
37 44 45 38
96 96 0 0
0 20 20 0
43 43 0 0
0 6 19 13
157 157 0 0
0 0 0 0
6 8 82 80
67 67 0 0
2 57 98 43
0 16 16 0
79 79 0 0
0 38 88 50
19 43 124 100
0 45 65 20
38 19 36 55
32 32 0 0
68 68 0 0
43 43 0 0
0 0 0 0
40 40 0 0
244 246 23 21
47 88 57 16
121 122 1 0
41 41 0 0
74 82 8 0
19 21 2 0
0 0 0 0
0 0 0 0
62 75 21 8
0 0 0 0
173 173 0 0
112 117 5 0
92 93 1 0
1 35 44 10
30 25 132 137
101 101 0 0
1 58 57 0
24 24 0 0
57 50 17 24
0 0 0 0
0 0 0 0
26 26 0 0
322 319 2 5
85 92 7 0
0 0 0 0
61 61 0 0
122 139 17 0
42 42 8 8
69 2 1 68
47 6 12 53
7 14 35 28
0 0 0 0
95 95 0 0
41 41 0 0
91 91 0 0
72 72 0 0
0 61 61 0
10 22 12 0
78 43 4 39
31 31 0 0
30 30 0 0
87 87 0 0
12 54 144 102
39 11 63 91
66 17 19 68
52 14 12 50
0 44 57 13
1 42 66 25
170 170 0 0
79 79 0 0
0 19 31 12
0 25 25 0
0 10 83 73
0 23 31 8
118 143 25 0
112 111 2 3
66 66 0 0
5 20 37 22
92 92 0 0
0 17 39 22
74 74 0 0
0 2 17 15
16 16 0 0
78 81 6 3
67 5 25 87
41 41 0 0
32 30 26 28
35 35 0 0
69 3 17 83
32 32 0 0
153 151 17 19
7 4 69 72
37 87 50 0
25 25 0 0
13 13 0 0
30 30 0 0
19 39 20 0
30 30 0 0
0 0 0 0
25 25 0 0
155 165 10 0
104 95 64 73
184 182 54 56
42 42 0 0
137 137 0 0
68 72 42 38
150 140 69 79
0 25 37 12
15 26 45 34
22 22 0 0
22 22 0 0
52 52 0 0
70 70 0 0
31 31 0 0
167 201 41 7
20 20 0 0
71 13 13 71
0 2 33 31
321 341 20 0
192 204 17 5
139 139 0 0
0 9 12 3
152 152 0 0
99 103 4 0
63 63 0 0
0 0 0 0
278 287 45 36
35 43 49 41
171 171 0 0
0 28 65 37
85 85 0 0
70 58 52 64
73 73 0 0
0 0 0 0
1 54 125 72
0 10 23 13
3 6 39 36
26 1 5 30
534 534 0 0
55 55 0 0
0 0 0 0
26 26 0 0
74 74 0 0
48 7 1 42
0 30 125 95
0 25 76 51
92 92 0 0
54 40 2 16
89 103 14 0
40 6 38 72
80 87 14 7
73 73 0 0
228 228 0 0
74 74 0 0
14 26 31 19
23 23 0 0
4 4 0 0
53 53 0 0
340 340 0 0
0 0 0 0
134 134 0 0
12 12 0 0
60 69 9 0
2 12 62 52
23 23 0 0
2 2 0 0
44 67 91 68
0 45 46 1
46 46 0 0
0 10 22 12
393 392 42 43
250 250 0 0
350 368 18 0
32 30 21 23
102 112 14 4
81 81 0 0
74 5 10 79
31 1 15 45
29 29 0 0
43 35 17 25
32 48 16 0
30 30 0 0
0 26 46 20
42 42 0 0
41 41 0 0
21 1 17 37
171 171 4 4
92 121 33 4
61 59 27 29
1 31 44 14
76 76 0 0
24 24 41 41
52 52 0 0
3 10 33 26
94 94 0 0
5 18 18 5
0 18 129 111
0 0 0 0
0 52 72 20
0 23 45 22
0 22 41 19
0 14 37 23
140 160 27 7
32 32 0 0
0 3 84 81
0 21 30 9
32 23 44 53
47 47 0 0
88 88 0 0
0 7 30 23
0 0 0 0
0 0 0 0
1 88 164 77
32 39 7 0
158 145 0 13
89 89 0 0
50 27 76 99
33 33 0 0
0 18 65 47
22 22 0 0
119 119 0 0
44 44 0 0
22 22 0 0
28 28 0 0
381 359 187 209
17 17 0 0
0 45 84 39
0 8 19 11
69 69 0 0
0 3 65 62
0 10 49 39
6 19 18 5
30 30 0 0
0 7 21 14
0 0 0 0
27 27 0 0
129 134 145 140
31 18 45 58
44 96 52 0
37 5 5 37
0 0 0 0
7 12 5 0
20 26 95 89
2 10 94 86
58 58 0 0
0 20 51 31
60 60 0 0
0 22 22 0
0 0 0 0
0 0 0 0
351 359 8 0
14 14 43 43
0 27 63 36
0 0 0 0
0 0 0 0
0 0 0 0
24 13 65 76
13 13 0 0
86 86 0 0
0 47 47 0
37 37 0 0
0 0 0 0
21 21 55 55
21 37 16 0
137 77 21 81
58 58 0 0
1 2 82 81
2 7 5 0
506 370 23 159
41 65 27 3
83 83 0 0
74 74 0 0
0 26 154 128
82 86 4 0
140 140 0 0
39 22 82 99
0 0 0 0
45 45 0 0
68 75 10 3
30 36 6 0
90 90 0 0
28 35 7 0
0 0 0 0
53 49 3 7
41 41 0 0
0 37 37 0
13 35 91 69
9 9 0 0
36 36 0 0
3 19 23 7
63 28 3 38
24 24 0 0
80 80 0 0
0 0 0 0
61 61 0 0
0 0 0 0
527 461 32 98
153 153 0 0
73 78 5 0
0 0 0 0
162 162 5 5
58 62 4 0
30 30 0 0
21 21 0 0
0 3 82 79
0 8 43 35
0 4 42 38
0 25 25 0
260 267 7 0
131 149 21 3
162 162 0 0
6 7 15 14
28 48 20 0
0 0 0 0
0 41 80 39
23 23 0 0
57 95 38 0
68 68 0 0
296 296 0 0
35 35 0 0
309 271 5 43
27 30 3 0
54 54 0 0
0 0 0 0
102 124 29 7
0 8 124 116
0 0 0 0
17 17 0 0
36 57 144 123
46 46 0 0
59 59 0 0
37 44 7 0
80 80 0 0
0 14 32 18
35 35 0 0
23 23 0 0
116 116 0 0
30 30 0 0
0 0 0 0
21 21 0 0
145 138 41 48
78 78 0 0
0 20 56 36
18 18 0 0
0 0 0 0
30 30 0 0
163 163 0 0
28 28 0 0
30 8 57 79
42 42 0 0
473 474 1 0
85 85 0 0
8 8 0 0
168 168 0 0
81 81 0 0
27 27 0 0
102 124 22 0
27 27 0 0
7 13 33 27
3 19 21 5
0 25 54 29
22 22 0 0
103 103 0 0
9 9 0 0
85 61 71 95
49 49 0 0
42 4 7 45
4 33 29 0
55 55 0 0
32 32 0 0
0 17 33 16
0 23 23 0
104 104 0 0
37 37 0 0
31 84 53 0
18 18 0 0
0 15 39 24
0 16 16 0
343 345 2 0
58 58 0 0
12 35 207 184
17 10 11 18
369 369 0 0
0 0 0 0
241 249 8 0
132 156 85 61
0 3 72 69
19 19 0 0
272 272 0 0
59 76 17 0
0 20 29 9
0 0 0 0
64 64 0 0
44 46 2 0
44 44 20 20
0 28 43 15
73 73 0 0
46 46 0 0
4 24 29 9
37 37 0 0
44 44 0 0
0 0 0 0
225 230 5 0
106 107 1 0
117 19 186 284
14 3 32 43
65 65 0 0
47 47 0 0
141 141 0 0
12 12 0 0
0 0 0 0
0 0 0 0
38 34 45 49
35 35 0 0
103 103 0 0
0 4 4 0
196 146 59 109
69 50 0 19
0 0 0 0
17 17 0 0
0 0 0 0
4 36 32 0
80 80 0 0
19 19 0 0
201 185 7 23
2 9 68 61
75 88 43 30
93 93 0 0
95 98 3 0
34 35 1 0
0 0 0 0
1 1 0 0
28 28 0 0
4 8 52 48
43 43 0 0
49 49 0 0
112 92 39 59
51 50 20 21
62 63 1 0
0 9 20 11
99 118 19 0
79 114 35 0
158 3 31 186
0 0 0 0
109 109 0 0
96 96 0 0
43 43 0 0
0 25 25 0
143 143 0 0
41 41 0 0
0 3 69 66
55 55 0 0
88 41 0 47
0 30 30 0
146 158 15 3
0 0 0 0
91 23 18 86
18 18 0 0
251 306 55 0
74 77 5 2
65 71 34 28
39 39 0 0
17 9 119 127
3 8 15 10
0 0 0 0
30 30 0 0
31 31 0 0
0 43 50 7
33 5 5 33
27 36 9 0
18 4 245 259
1 5 50 46
156 156 0 0
62 62 0 0
65 65 0 0
4 4 0 0
0 0 0 0
0 0 0 0
0 0 0 0
0 0 0 0
201 201 0 0
11 11 0 0
101 101 0 0
12 14 7 5
0 0 0 0
22 22 0 0
171 171 0 0
49 49 0 0
743 720 130 153
349 363 14 0
173 174 8 7
122 71 26 77
0 11 116 105
0 34 52 18
88 88 0 0
67 67 0 0
3 15 100 88
0 19 26 7
90 92 2 0
0 21 41 20
3 6 3 0
15 17 17 15
90 8 28 110
51 51 0 0
222 225 3 0
99 114 15 0
42 42 138 138
0 18 18 0
164 75 263 352
0 0 0 0
111 135 38 14
40 40 0 0
40 40 0 0
0 0 0 0
27 27 10 10
0 8 16 8
631 631 0 0
87 87 0 0
4 6 176 174
24 10 38 52
11 6 38 43
29 29 0 0
23 23 0 0
108 108 0 0
47 47 0 0
63 63 0 0
2 82 80 0
28 28 0 0
24 30 133 127
0 38 46 8
58 58 0 0
50 50 0 0
85 85 0 0
42 42 0 0
0 0 0 0
0 0 0 0
1 13 45 33
13 13 0 0
76 76 0 0
0 0 0 0
124 124 0 0
21 21 0 0
11 10 14 15
23 27 13 9
59 59 0 0
19 32 25 12
147 149 16 14
41 41 0 0
49 5 0 44
53 53 0 0
48 2 6 52
0 37 55 18
23 14 27 36
0 5 40 35
194 194 0 0
58 58 0 0
0 48 53 5
0 13 23 10
83 69 32 46
0 23 23 0
83 83 0 0
5 9 25 21
2 2 0 0
0 0 0 0
600 574 157 183
94 102 8 0
0 33 33 0
20 20 0 0
120 129 29 20
1 39 104 66
70 70 0 0
44 3 15 56
110 5 2 107
4 4 0 0
0 0 0 0
27 27 0 0
179 162 57 74
85 85 0 0
265 273 21 13
57 57 38 38
96 96 0 0
0 8 17 9
3 53 52 2
0 23 27 4
94 84 15 25
50 50 0 0
58 69 11 0
0 6 38 32
100 95 20 25
103 103 0 0
172 174 29 27
45 45 0 0
8 38 200 170
19 19 0 0
109 109 3 3
57 57 0 0
87 87 0 0
46 46 0 0
306 306 0 0
7 7 0 0
116 116 0 0
20 20 0 0
0 40 100 60
0 10 29 19
197 197 0 0
6 6 52 52
1 44 69 26
22 21 18 19
60 5 7 62
58 58 0 0
0 7 36 29
29 29 0 0
106 106 0 0
4 19 21 6
124 142 18 0
50 50 0 0
20 4 131 147
90 90 0 0
0 15 49 34
17 17 0 0
80 80 0 0
62 62 0 0
97 116 19 0
37 42 17 12
82 82 0 0
38 43 5 0
66 58 147 155
149 151 2 0
0 6 45 39
9 11 11 9
110 61 3 52
75 79 4 0
193 197 20 16
140 140 0 0
0 9 34 25
22 22 0 0
45 45 0 0
2 30 28 0
84 84 0 0
0 0 0 0
0 11 31 20
22 22 0 0
0 9 69 60
0 36 36 0
137 145 34 26
115 115 0 0
2 8 6 0
0 17 29 12
47 47 0 0
1 31 30 0
0 33 33 0
0 37 37 0
35 37 10 8
38 50 12 0
0 15 54 39
53 53 0 0
9 59 50 0
22 30 9 1
165 173 72 64
71 71 0 0
227 227 0 0
51 51 0 0
92 100 8 0
72 72 0 0
783 783 0 0
46 46 0 0
66 34 15 47
35 10 10 35
0 6 60 54
26 26 0 0
0 0 0 0
17 17 0 0
17 19 56 54
0 15 23 8
147 157 48 38
0 15 52 37
77 77 0 0
7 21 26 12
35 35 0 0
0 15 15 0
99 124 25 0
0 0 0 0
26 20 31 37
25 30 5 0
29 29 0 0
123 123 0 0
28 39 11 0
0 47 69 22
77 127 50 0
48 50 2 0
68 83 24 9
38 35 24 27
38 43 5 0
0 25 27 2
128 158 44 14
55 55 0 0
0 18 48 30
0 3 48 45
0 7 59 52
0 0 0 0
91 91 0 0
52 52 0 0
59 1 7 65
68 68 0 0
54 54 0 0
0 28 34 6
111 3 63 171
22 22 0 0
327 327 0 0
49 32 11 28
1 5 33 29
31 31 0 0
0 0 0 0
0 0 0 0
69 58 46 57
19 19 0 0
111 116 8 3
0 10 19 9
251 251 0 0
69 69 0 0
50 52 2 0
0 13 37 24
233 233 0 0
219 219 0 0
86 86 0 0
39 39 0 0
52 52 0 0
31 31 0 0
0 32 43 11
0 4 44 40
68 76 8 0
75 75 0 0
101 2 2 101
108 108 0 0
0 0 0 0
0 0 0 0
38 2 22 58
0 33 33 0
0 0 0 0
57 57 0 0
127 133 19 13
6 8 102 100
51 55 7 3
0 0 0 0
91 91 0 0
50 50 0 0
119 119 0 0
130 130 0 0
102 99 14 17
25 25 0 0
70 70 0 0
43 43 0 0
249 249 0 0
90 90 0 0
256 252 0 4
136 139 5 2
34 54 20 0
33 33 0 0
1 14 101 88
33 33 0 0
69 60 24 33
26 26 0 0
134 130 15 19
37 53 16 0
100 119 58 39
61 61 0 0
54 54 0 0
28 28 0 0
77 28 21 70
0 0 0 0
39 39 0 0
0 0 0 0
200 215 15 0
34 34 0 0
0 31 50 19
26 26 0 0
154 154 0 0
0 0 0 0
74 76 2 0
33 10 8 31
79 79 0 0
1 6 33 28
86 110 38 14
76 62 0 14
182 105 405 482
39 39 0 0
77 95 18 0
36 10 18 44
86 93 7 0
0 19 72 53
87 87 0 0
0 25 44 19
179 218 43 4
165 179 14 0
2 61 59 0
2 12 32 22
350 327 25 48
94 94 0 0
112 119 12 5
65 65 0 0
164 164 47 47
150 171 21 0
11 11 0 0
0 19 21 2
87 87 0 0
30 29 16 17
137 137 0 0
0 0 0 0
138 3 51 186
85 85 0 0
82 82 37 37
24 24 0 0
121 118 30 33
0 12 24 12
73 73 0 0
69 69 0 0
76 78 2 0
1 88 87 0
42 52 10 0
9 9 24 24
106 106 0 0
0 0 0 0
172 197 32 7
42 44 2 0
93 118 28 3
51 4 7 54
61 53 142 150
25 25 0 0
0 12 28 16
0 10 30 20
22 22 0 0
19 5 15 29
72 78 6 0
1 2 54 53
39 39 0 0
27 48 21 0
122 129 7 0
0 8 51 43
115 115 0 0
0 7 15 8
4 8 4 0
33 33 0 0
58 76 35 17
0 3 3 0
66 66 0 0
41 41 0 0
165 168 3 0
51 51 0 0
0 0 0 0
71 71 0 0
608 608 0 0
74 74 0 0
0 0 0 0
0 0 0 0
1 12 90 79
23 26 3 0
339 339 0 0
111 106 14 19
35 35 0 0
42 53 11 0
139 141 121 119
0 33 50 17
0 41 75 34
0 14 43 29
74 74 0 0
50 62 12 0
82 86 11 7
4 8 80 76
0 12 37 25
0 4 14 10
114 133 39 20
38 42 20 16
0 45 87 42
11 63 57 5
7 66 60 1
10 41 36 5
0 0 0 0
0 0 0 0
43 43 0 0
27 27 0 0
17 16 53 54
42 42 0 0
51 71 27 7
23 23 0 0
118 118 0 0
56 51 5 10
63 63 0 0
16 9 27 34
197 197 25 25
0 9 24 15
1 42 48 7
0 18 44 26
153 165 12 0
30 30 0 0
1 26 215 190
20 20 0 0
19 25 120 114
16 31 92 77
0 64 75 11
3 36 39 6
0 42 103 61
0 18 75 57
0 21 21 0
3 3 0 0
103 103 0 0
56 63 23 16
96 92 18 22
43 43 0 0
64 64 0 0
36 36 0 0
20 20 0 0
7 14 7 0
1 15 116 102
27 15 31 43
63 66 3 0
0 25 30 5
5 6 31 30
0 0 0 0
0 2 39 37
18 18 0 0
23 29 232 226
0 30 71 41
43 43 0 0
0 7 14 7
55 31 416 440
38 57 23 4
90 90 0 0
20 20 0 0
66 73 7 0
40 40 0 0
51 51 0 0
0 23 28 5
104 122 18 0
9 29 20 0
83 62 146 167
0 12 89 77
71 71 0 0
20 24 4 0
189 189 0 0
112 112 0 0
0 0 0 0
0 16 43 27
83 101 40 22
0 13 13 0
81 81 0 0
64 49 7 22
98 124 26 0
32 61 68 39
101 101 0 0
29 29 0 0
34 35 26 25
23 23 0 0
61 61 0 0
37 51 14 0
0 18 59 41
34 34 0 0
114 78 291 327
17 19 9 7
44 44 0 0
0 12 18 6
160 122 47 85
145 145 0 0
289 253 57 93
21 28 28 21
22 25 3 0
0 9 16 7
0 27 53 26
42 42 0 0
131 131 0 0
0 0 0 0
0 0 0 0
21 21 0 0
0 14 99 85
0 36 77 41
121 121 0 0
56 20 13 49
88 88 0 0
75 75 0 0
156 156 0 0
1 15 14 0
457 368 190 279
130 168 38 0
121 102 49 68
69 77 8 0
76 77 16 15
24 24 0 0
13 59 51 5
16 27 11 0
12 12 0 0
0 0 0 0
197 198 1 0
36 38 2 0
51 51 0 0
10 25 21 6
238 248 54 44
75 82 22 15
75 75 0 0
25 25 0 0
38 50 12 0
0 32 32 0
194 194 0 0
70 70 0 0
120 120 0 0
73 73 0 0
118 118 0 0
47 47 0 0
78 78 0 0
0 13 13 0
290 290 0 0
9 9 0 0
74 74 0 0
3 3 0 0
69 69 0 0
30 44 14 0
33 43 42 32
57 57 0 0
0 0 0 0
10 4 12 18
128 128 0 0
0 0 0 0
0 0 0 0
0 0 0 0
105 140 58 23
146 156 10 0
65 3 6 68
0 0 0 0
0 0 0 0
0 0 0 0
35 23 23 35
55 55 0 0
279 281 26 24
13 10 41 44
216 216 0 0
121 126 8 3
233 233 0 0
17 17 0 0
131 131 0 0
75 75 0 0
52 66 14 0
0 5 11 6
94 97 3 0
87 92 20 15
6 18 100 88
7 7 0 0
59 68 9 0
38 38 0 0
263 263 0 0
79 104 27 2
153 158 5 0
36 36 0 0
66 69 3 0
0 48 74 26
0 11 67 56
36 36 0 0
61 61 18 18
0 61 82 21
0 21 48 27
0 14 29 15
0 0 0 0
14 14 0 0
61 61 0 0
52 52 0 0
0 11 39 28
27 27 0 0
0 26 26 0
30 30 0 0
34 34 0 0
0 0 0 0
79 79 0 0
72 72 0 0
80 80 0 0
53 53 0 0
57 36 44 65
3 6 25 22
1 16 42 27
13 13 0 0
0 19 52 33
0 15 18 3
0 21 39 18
23 12 10 21
48 72 40 16
24 28 26 22
12 12 141 141
0 0 0 0
0 11 145 134
10 10 20 20
0 37 110 73
17 7 75 85
60 60 17 17
7 21 14 0
61 5 7 63
21 21 0 0
40 47 41 34
5 3 6 8
103 103 0 0
51 51 0 0
97 127 176 146
71 71 0 0
0 62 129 67
18 34 16 0
0 9 69 60
9 14 30 25
36 33 14 17
42 42 10 10
353 353 0 0
0 0 0 0
101 101 0 0
45 45 0 0
0 34 91 57
46 46 0 0
88 88 0 0
0 11 42 31
22 25 30 27
0 14 31 17
35 64 34 5
0 0 0 0
0 0 0 0
0 0 0 0
665 665 0 0
117 117 0 0
0 25 32 7
7 15 19 11
53 7 2 48
0 32 32 0
33 33 0 0
2 5 29 26
77 79 65 63
122 122 0 0
50 40 25 35
27 53 36 10
106 109 3 0
36 47 44 33
117 117 0 0
48 48 34 34
81 84 47 44
58 66 12 4
80 26 3 57
44 70 26 0
115 115 27 27
7 42 138 103
69 108 51 12
0 0 0 0
0 18 54 36
29 29 0 0
56 56 0 0
53 53 0 0
67 67 0 0
0 37 42 5
0 0 0 0
1 27 56 30
45 88 43 0
0 1 21 20
1 1 0 0
35 35 0 0
101 101 0 0
11 15 4 0
125 125 0 0
40 40 0 0
0 0 0 0
37 37 0 0
8 15 44 37
0 21 21 0
73 38 44 79
73 87 14 0
95 68 36 63
35 35 0 0
24 52 28 0
52 52 0 0
34 30 78 82
13 13 0 0
61 61 0 0
2 36 34 0
22 3 28 47
26 26 0 0
59 6 5 58
5 29 24 0
0 0 0 0
48 48 0 0
47 101 54 0
16 16 0 0
112 112 0 0
70 70 0 0
106 118 12 0
6 72 66 0
12 12 0 0
0 9 28 19
62 62 0 0
43 43 0 0
0 0 0 0
80 81 1 0
279 190 148 237
92 72 79 99
93 142 49 0
61 61 0 0
128 161 33 0
9 6 6 9
37 88 82 31
13 47 84 50
0 0 0 0
0 0 0 0
0 13 33 20
0 10 18 8
111 111 0 0
72 72 0 0
141 141 0 0
0 0 0 0
26 26 0 0
34 36 18 16
39 39 0 0
7 7 25 25
15 15 0 0
27 27 0 0
8 9 140 139
15 51 105 69
0 9 42 33
2 6 4 0
196 196 0 0
62 62 0 0
101 98 66 69
28 34 6 0
62 62 0 0
2 2 0 0
67 70 14 11
59 59 0 0
80 80 0 0
43 52 16 7
112 141 60 31
62 62 0 0
24 16 33 41
0 42 42 0
43 42 8 9
37 37 0 0
0 5 13 8
22 22 0 0
88 88 0 0
0 25 25 0
1 38 109 72
2 27 25 0
159 159 0 0
35 11 11 35
0 39 90 51
2 5 22 19
30 45 15 0
2 38 36 0
33 33 0 0
0 10 41 31
113 113 0 0
19 19 0 0
142 165 23 0
58 62 27 23
44 48 4 0
0 3 20 17
14 57 67 24
39 39 0 0
45 7 7 45
12 25 32 19
0 0 0 0
31 31 0 0
189 167 1 23
0 17 21 4
57 59 2 0
3 3 0 0
14 22 151 143
1 13 79 67
105 140 84 49
0 0 0 0
42 42 0 0
0 6 39 33
64 81 17 0
36 36 0 0
0 0 0 0
0 0 0 0
176 176 0 0
0 21 26 5
128 128 0 0
0 21 21 0
257 259 2 0
55 2 6 59
0 0 0 0
11 11 0 0
138 138 0 0
72 72 0 0
0 0 0 0
13 13 0 0
20 16 79 83
0 29 63 34
86 97 11 0
51 54 3 0
0 0 0 0
12 12 0 0
530 465 30 95
31 31 0 0
116 114 43 45
20 20 0 0
0 0 0 0
11 39 28 0
0 4 147 143
0 5 93 88
155 155 17 17
71 71 0 0
0 52 52 0
29 29 0 0
102 102 0 0
2 2 0 0
0 0 0 0
25 25 0 0
41 45 4 0
32 32 0 0
59 72 138 125
1 89 133 45
0 12 31 19
24 24 0 0
118 64 50 104
4 8 30 26
80 80 0 0
0 6 29 23
0 0 0 0
34 34 0 0
0 0 0 0
2 44 42 0
1 20 53 34
0 0 0 0
0 0 0 0
67 67 0 0
59 59 0 0
40 11 10 39
86 86 0 0
32 5 14 41
15 15 0 0
0 0 0 0
47 47 0 0
0 13 20 7
4 4 0 0
117 117 0 0
25 31 53 47
27 27 0 0
205 149 170 226
36 25 34 45
33 33 0 0
1 16 19 4
3 54 65 14
0 4 16 12
101 45 44 100
53 48 17 22
0 8 81 73
0 10 43 33
37 13 0 24
1 24 43 20
70 78 109 101
25 25 0 0
5 36 31 0
0 10 32 22
18 54 43 7
0 10 14 4
0 9 75 66
25 25 0 0
5 79 94 20
22 22 0 0
168 168 0 0
116 132 16 0
61 1 18 78
20 13 5 12
230 237 7 0
4 4 0 0
167 174 7 0
0 31 31 0
61 61 0 0
0 23 23 0
0 46 46 0
0 11 19 8
93 67 39 65
13 50 55 18
15 39 74 50
54 54 0 0
266 266 0 0
116 122 6 0
45 4 23 64
69 69 0 0
55 55 0 0
14 39 31 6
81 81 0 0
2 11 14 5
38 61 23 0
19 15 15 19
41 33 41 49
31 37 12 6
22 22 0 0
72 82 10 0
135 138 6 3
20 20 0 0
287 276 72 83
25 34 9 0
0 0 0 0
52 52 0 0
90 102 64 52
6 6 82 82
20 12 294 302
40 55 15 0
0 42 42 0
0 11 11 0
159 159 0 0
27 27 0 0
4 4 0 0
0 0 0 0
50 58 12 4
18 19 1 0
37 57 79 59
38 32 14 20
0 0 0 0
0 0 0 0
204 179 84 109
20 20 0 0
101 55 3 49
29 29 0 0
0 7 13 6
0 0 0 0
64 64 0 0
48 48 0 0
0 23 39 16
41 41 0 0
16 16 0 0
0 0 0 0
37 67 30 0
3 7 140 136
30 18 4 16
0 18 18 0
12 26 17 3
57 57 0 0
133 150 17 0
15 17 2 0
146 141 4 9
0 5 86 81
9 9 0 0
0 0 0 0
99 99 0 0
41 41 0 0
75 5 55 125
30 30 0 0
71 74 18 15
29 27 3 5
40 51 14 3
34 20 18 32
142 142 0 0
76 76 0 0
70 70 19 19
4 4 0 0
249 253 4 0
265 265 0 0
73 73 0 0
0 14 51 37
50 50 0 0
0 12 22 10
0 0 0 0
0 11 62 51
64 64 0 0
37 37 0 0
105 105 0 0
25 14 64 75
59 60 92 91
28 46 35 17
28 39 46 35
46 46 0 0
205 216 48 37
0 32 32 0
87 87 0 0
3 15 54 42
77 73 5 9
39 39 0 0
467 467 0 0
16 16 0 0
46 61 87 72
22 22 0 0
128 128 0 0
33 33 0 0
0 47 47 0
27 27 10 10
0 0 0 0
0 0 0 0
108 108 0 0
4 7 3 0
86 86 0 0
59 76 48 31
66 66 0 0
34 40 6 0
0 0 0 0
30 30 0 0
149 142 119 126
44 17 25 52
25 25 0 0
0 16 16 0
4 21 57 40
0 29 29 0
72 98 80 54
60 60 0 0
55 55 0 0
21 5 5 21
71 12 1 60
0 14 23 9
178 180 2 0
88 88 0 0
183 183 0 0
183 183 0 0
245 255 10 0
21 8 98 111
0 80 88 8
0 2 9 7
188 133 186 241
54 59 39 34
54 64 10 0
3 5 2 0
0 10 96 86
16 16 0 0
0 32 58 26
0 0 0 0
51 51 0 0
3 4 43 42
90 90 0 0
51 51 0 0
264 264 0 0
54 54 0 0
66 19 33 80
34 45 23 12
75 75 0 0
61 61 0 0
13 7 25 31
0 0 0 0
109 110 1 0
49 47 29 31
65 65 0 0
13 13 0 0
82 26 80 136
0 26 90 64
59 59 0 0
22 38 16 0
0 0 0 0
0 28 28 0
181 174 2 9
0 0 0 0
50 56 6 0
25 16 32 41
84 87 29 26
68 75 16 9
15 50 38 3
25 25 0 0
54 68 89 75
137 144 7 0
144 144 0 0
0 4 12 8
108 108 0 0
53 53 0 0
87 91 40 36
70 70 0 0
171 171 0 0
0 0 0 0
157 8 31 180
46 54 8 0
0 36 149 113
90 84 0 6
0 0 0 0
4 4 0 0
96 10 10 96
24 24 0 0
168 168 59 59
24 24 0 0
167 141 64 90
28 38 10 0
0 6 71 65
46 46 0 0
81 92 11 0
96 96 0 0
80 80 0 0
39 40 1 0
247 263 225 209
23 6 17 34
0 34 34 0
0 25 28 3
2 24 54 32
0 13 25 12
69 69 0 0
59 68 9 0
64 54 30 40
0 16 16 0
91 83 55 63
43 43 0 0
16 57 172 131
91 91 0 0
43 30 29 42
0 18 33 15
73 62 28 39
0 0 0 0
147 134 39 52
0 8 36 28
165 168 3 0
40 40 0 0
105 105 0 0
0 7 13 6
96 107 11 0
44 44 0 0
26 22 94 98
21 18 90 93
0 44 44 0
18 28 10 0
0 0 0 0
0 0 0 0
130 130 0 0
41 41 0 0
50 68 57 39
0 15 15 0
0 3 66 63
11 11 0 0
50 50 0 0
0 17 17 0
78 51 85 112
39 39 0 0
48 48 0 0
0 15 15 0
35 63 53 25
25 25 0 0
323 324 3 2
29 29 0 0
39 36 86 89
70 82 12 0
2 19 133 116
25 60 119 84
125 112 181 194
92 92 0 0
92 65 63 90
0 6 25 19
91 81 113 123
1 85 98 14
0 0 0 0
0 30 30 0
0 0 0 0
28 34 6 0
12 4 19 27
0 0 0 0
1 13 55 43
0 39 60 21
420 420 0 0
13 11 6 8
210 200 14 24
13 10 59 62
88 88 0 0
5 18 21 8
81 81 0 0
0 59 63 4
1 11 88 78
5 3 24 26
81 81 0 0
0 59 84 25
52 73 31 10
54 51 0 3
18 28 33 23
49 49 0 0
190 178 105 117
112 112 0 0
140 168 28 0
42 42 0 0
0 0 0 0
0 0 0 0
115 126 11 0
27 27 0 0
103 110 7 0
0 0 0 0
31 31 0 0
0 25 45 20
557 395 99 261
136 140 24 20
76 76 0 0
43 43 0 0
65 65 0 0
9 7 37 39
44 44 0 0
1 4 27 24
166 151 52 67
0 6 65 59
6 25 55 36
0 39 40 1
53 53 0 0
16 28 46 34
4 47 61 18
8 8 0 0
40 40 0 0
0 6 15 9
67 67 0 0
51 60 9 0
73 92 19 0
5 23 26 8
52 52 0 0
21 27 6 0
74 74 0 0
24 33 9 0
267 267 0 0
0 10 23 13
199 199 0 0
23 23 0 0
0 19 84 65
35 44 9 0
226 199 66 93
217 208 1 10
200 200 0 0
7 20 32 19
131 131 0 0
11 18 85 78
0 11 17 6
0 21 21 0
0 4 88 84
15 15 0 0
47 47 0 0
6 6 0 0
172 201 29 0
31 31 0 0
263 261 33 35
56 56 0 0
131 131 0 0
33 36 3 0
1 17 305 289
0 19 29 10
0 2 100 98
20 35 15 0
134 140 21 15
11 15 8 4
0 48 58 10
21 21 0 0
77 77 0 0
52 52 0 0
91 91 0 0
30 2 4 32
39 75 36 0
25 25 0 0
99 99 0 0
54 54 0 0
39 45 16 10
0 21 21 0
53 68 15 0
56 56 0 0
4 4 0 0
44 44 0 0
69 63 26 32
22 51 29 0
58 97 97 58
53 25 3 31
80 80 0 0
57 57 0 0
61 61 0 0
84 84 0 0
60 60 0 0
0 1 23 22
143 139 26 30
62 62 0 0
72 72 0 0
0 0 0 0
167 167 0 0
0 0 0 0
195 205 23 13
40 40 0 0
40 40 0 0
34 34 0 0
168 168 0 0
30 30 0 0
62 57 0 5
7 7 0 0
4 3 44 45
3 3 0 0
0 0 0 0
18 18 0 0
77 7 20 90
29 29 0 0
121 6 6 121
21 21 0 0
66 18 54 102
72 75 3 0
28 46 31 13
0 22 22 0
31 31 0 0
34 34 0 0
0 0 0 0
0 9 37 28
0 16 48 32
1 20 19 0
0 21 29 8
0 17 32 15
49 49 0 0
18 21 3 0
173 173 0 0
0 0 0 0
56 56 0 0
44 44 0 0
4 40 36 0
58 58 0 0
94 94 0 0
26 26 0 0
201 201 0 0
140 140 0 0
97 97 0 0
24 25 1 0
65 65 0 0
9 9 0 0
3 13 74 64
0 7 7 0
70 22 4 52
43 43 0 0
0 46 59 13
4 4 64 64
103 103 0 0
6 7 1 0
4 1 16 19
0 0 0 0
299 307 8 0
0 12 88 76
7 47 91 51
6 38 68 36
115 115 0 0
65 65 0 0
38 38 0 0
0 0 0 0
58 6 17 69
6 6 0 0
0 0 0 0
20 20 0 0
98 98 0 0
34 34 0 0
32 19 75 88
0 34 34 0
378 378 0 0
67 67 0 0
2 19 142 125
20 20 0 0
0 0 0 0
0 27 41 14
10 22 128 116
0 16 59 43
32 75 43 0
29 29 0 0
42 48 10 4
0 23 32 9
54 54 0 0
25 19 23 29
7 6 104 105
57 62 5 0
98 98 0 0
33 40 7 0
135 135 0 0
89 90 1 0
6 37 41 10
49 49 0 0
300 300 0 0
64 64 0 0
72 72 0 0
0 0 0 0
16 56 40 0
13 13 0 0
81 81 0 0
0 6 24 18
0 31 47 16
0 11 20 9
159 186 56 29
0 0 0 0
0 32 67 35
1 45 44 0
135 135 0 0
0 0 0 0
58 58 0 0
28 34 6 0
0 28 86 58
18 18 0 0
0 18 82 64
24 24 0 0
265 265 0 0
13 10 45 48
0 0 0 0
12 12 0 0
63 62 7 8
0 38 38 0
25 22 56 59
52 52 0 0
289 289 0 0
87 87 0 0
95 96 1 0
23 21 31 33
273 278 5 0
42 42 0 0
84 84 0 0
3 31 28 0
75 44 29 60
0 16 16 0
112 117 5 0
0 0 0 0
65 5 18 78
68 68 0 0
0 10 52 42
0 30 35 5
0 0 0 0
0 0 0 0
73 73 0 0
0 36 49 13
109 126 77 60
16 16 15 15
102 102 0 0
59 69 10 0
0 11 44 33
0 9 36 27
50 50 0 0
15 34 19 0
0 0 0 0
9 27 18 0
281 281 0 0
81 81 0 0
85 70 11 26
74 74 0 0
0 0 0 0
0 16 28 12
9 9 0 0
0 0 0 0
124 94 30 60
61 61 0 0
173 147 11 37
51 51 0 0
55 55 24 24
25 25 0 0
152 152 0 0
0 29 31 2
45 29 9 25
8 11 33 30
60 60 0 0
68 68 0 0
2 11 51 42
34 34 0 0
138 145 23 16
2 23 50 29
119 137 26 8
30 30 0 0
0 0 0 0
3 32 35 6
36 41 89 84
0 4 19 15
301 316 15 0
63 63 5 5
94 6 15 103
7 18 18 7
59 2 30 87
11 52 41 0
40 16 83 107
35 38 3 0
48 41 174 181
13 13 72 72
91 118 154 127
14 14 0 0
23 6 19 36
0 16 20 4
0 0 0 0
0 39 41 2
64 64 0 0
43 2 13 54
0 59 67 8
19 19 0 0
30 16 236 250
2 3 22 21
227 201 113 139
87 60 36 63
157 172 19 4
78 78 0 0
92 106 31 17
46 24 36 58
125 125 0 0
62 67 5 0
0 0 0 0
78 78 0 0
22 22 0 0
34 44 10 0
75 85 10 0
22 22 0 0
40 15 13 38
23 23 0 0
263 268 5 0
26 24 15 17
76 86 10 0
22 26 56 52
2 5 106 103
0 5 49 44
0 8 19 11
21 21 0 0
73 76 48 45
39 48 16 7
0 0 0 0
85 85 0 0
82 82 0 0
0 10 15 5
59 80 32 11
0 46 46 0
59 59 0 0
47 47 0 0
66 61 16 21
72 72 0 0
36 63 27 0
51 13 16 54
51 51 0 0
0 2 31 29
73 73 0 0
65 65 0 0
71 71 0 0
18 25 7 0
642 642 0 0
129 134 18 13
0 43 67 24
0 23 23 0
81 81 0 0
74 32 15 57
0 54 74 20
0 26 38 12
1 31 63 33
0 11 11 0
13 7 46 52
0 5 15 10
130 132 112 110
102 91 44 55
37 9 42 70
39 39 0 0
2 6 45 41
3 3 0 0
240 234 41 47
70 55 172 187
0 0 0 0
0 0 0 0
244 244 0 0
118 118 0 0
83 83 0 0
0 7 13 6
68 68 0 0
65 65 0 0
0 83 83 0
14 22 51 43
84 79 8 13
24 24 0 0
404 411 10 3
240 281 41 0
36 13 33 56
31 31 0 0
79 79 0 0
25 25 0 0
70 35 10 45
35 35 0 0
143 151 8 0
67 67 0 0
259 205 8 62
17 49 36 4
80 80 0 0
0 14 27 13
243 254 11 0
88 95 7 0
7 28 59 38
0 5 21 16
2 37 133 98
0 39 86 47
190 12 51 229
76 88 12 0
1 52 62 11
28 3 11 36
82 94 12 0
15 54 39 0
97 103 6 0
54 54 0 0
31 36 5 0
0 20 20 0
92 92 0 0
7 22 15 0
0 0 0 0
0 0 0 0
403 346 41 98
54 54 0 0
3 3 0 0
36 36 0 0
245 249 20 16
20 20 0 0
82 82 0 0
0 9 19 10
38 72 39 5
46 46 0 0
38 19 13 32
36 36 0 0
0 0 0 0
29 29 0 0
87 87 0 0
0 27 51 24
26 46 20 0
0 11 15 4
0 7 44 37
0 23 23 0
55 55 0 0
22 22 0 0
14 14 0 0
40 40 0 0
59 53 33 39
53 53 0 0
104 104 0 0
81 81 0 0
19 19 0 0
0 11 14 3
56 60 4 0
29 17 20 32
25 20 10 15
0 20 25 5
142 133 58 67
79 79 0 0
63 59 29 33
58 58 0 0
22 29 7 0
11 10 11 12
73 73 0 0
0 0 0 0
150 95 4 59
64 76 12 0
174 125 57 106
36 36 0 0
113 113 0 0
55 55 0 0
0 56 56 0
40 4 1 37
3 5 60 58
0 18 31 13
353 353 0 0
69 69 0 0
83 83 0 0
0 15 40 25
59 53 33 39
0 90 94 4
47 31 30 46
0 37 37 0
91 91 0 0
61 61 0 0
103 52 236 287
0 18 31 13
67 75 8 0
35 35 0 0
1 4 134 131
48 42 17 23
308 311 3 0
23 23 0 0
42 41 42 43
50 61 11 0
44 44 0 0
7 11 28 24
0 34 36 2
6 6 0 0
336 336 0 0
29 29 0 0
25 5 11 31
0 27 27 0
229 207 175 197
40 40 0 0
182 182 0 0
158 201 45 2
137 137 0 0
54 54 0 0
153 153 0 0
0 35 35 0
0 0 0 0
24 24 0 0
115 137 22 0
115 113 18 20
66 2 3 67
0 7 52 45
142 142 0 0
94 94 0 0
19 22 21 18
24 24 0 0
0 0 0 0
65 65 0 0
141 142 1 0
3 22 19 0
76 142 66 0
40 57 17 0
52 52 0 0
43 48 5 0
160 122 48 86
7 35 50 22
66 66 0 0
34 34 0 0
23 23 0 0
0 13 51 38
113 113 0 0
8 12 27 23
21 16 32 37
43 43 0 0
84 86 2 0
0 11 38 27
120 120 0 0
50 50 0 0
137 137 0 0
27 27 0 0
186 155 17 48
55 55 0 0
0 23 45 22
24 24 0 0
76 76 0 0
7 8 1 0
0 0 0 0
43 43 0 0
463 464 1 0
4 4 0 0
18 36 18 0
11 17 35 29
27 14 59 72
0 0 0 0
109 109 0 0
79 79 0 0
88 88 0 0
35 35 0 0
172 181 78 69
17 17 0 0
134 119 2 17
0 0 0 0
109 86 12 35
68 72 4 0
198 207 9 0
2 36 70 36
42 42 0 0
13 17 9 5
55 53 18 20
26 50 39 15
41 41 0 0
0 0 0 0
80 118 84 46
126 133 7 0
97 106 134 125
75 68 15 22
130 134 4 0
137 137 0 0
37 52 52 37
30 30 0 0
102 102 0 0
27 27 0 0
10 7 35 38
0 37 37 0
55 55 0 0
0 21 56 35
35 35 0 0
16 16 0 0
26 18 330 338
0 18 74 56
173 173 0 0
28 34 6 0
5 50 72 27
0 4 21 17
0 50 50 0
0 11 21 10
0 0 0 0
63 63 0 0
45 45 0 0
14 20 16 10
0 0 0 0
0 0 0 0
68 28 9 49
73 28 12 57
70 70 0 0
15 15 0 0
60 60 0 0
41 41 0 0
72 72 0 0
44 44 0 0
62 57 85 90
18 18 0 0
35 35 0 0
49 49 0 0
136 136 0 0
27 27 0 0
307 307 0 0
38 38 0 0
61 65 10 6
0 71 71 0
124 124 88 88
10 10 0 0
87 9 10 88
46 46 0 0
91 95 22 18
34 37 3 0
2 2 118 118
11 42 31 0
90 102 12 0
8 3 3 8
149 149 0 0
0 23 23 0
0 37 37 0
0 22 22 0
122 98 144 168
53 56 3 0
13 108 103 8
16 15 52 53
46 68 22 0
0 35 46 11
14 13 184 185
3 35 83 51
51 44 0 7
0 37 45 8
48 48 0 0
52 37 3 18
180 177 13 16
26 26 0 0
77 79 2 0
1 21 29 9
103 103 0 0
54 54 0 0
0 13 64 51
9 15 17 11
93 93 0 0
2 24 87 65
85 85 0 0
28 38 10 0
156 156 0 0
11 13 21 19
0 7 177 170
16 16 0 0
85 82 104 107
28 38 10 0
179 139 61 101
3 17 56 42
111 111 0 0
39 39 0 0
76 23 34 87
30 30 0 0
111 106 18 23
51 51 0 0
0 18 32 14
35 35 0 0
63 63 0 0
0 0 0 0
69 69 0 0
47 47 0 0
52 52 0 0
0 0 0 0
81 90 66 57
79 79 0 0
29 33 41 37
30 30 0 0
63 77 14 0
36 36 0 0
62 1 1 62
27 27 0 0
76 76 0 0
17 13 0 4
48 53 26 21
61 61 0 0
0 28 44 16
20 20 0 0
1 5 128 124
25 7 97 115
61 61 0 0
29 29 0 0
219 219 0 0
97 97 0 0
86 86 0 0
9 9 0 0
78 115 55 18
62 32 5 35
119 122 34 31
81 81 0 0
21 22 118 117
81 81 0 0
1 13 29 17
28 28 0 0
0 12 36 24
0 25 25 0
115 134 19 0
59 59 0 0
92 92 0 0
6 36 30 0
14 14 0 0
28 28 0 0
158 158 0 0
133 133 0 0
30 30 0 0
41 41 0 0
169 186 25 8
45 45 0 0
376 362 6 20
56 56 0 0
95 99 63 59
0 18 19 1
0 0 0 0
0 0 0 0
0 0 0 0
70 70 0 0
201 201 0 0
35 35 0 0
0 39 51 12
0 7 42 35
400 411 11 0
23 23 0 0
12 7 42 47
35 35 0 0
85 79 78 84
20 20 0 0
41 21 68 88
30 30 0 0
74 74 0 0
84 84 0 0
135 135 0 0
37 37 0 0
0 21 74 53
0 32 34 2
79 11 14 82
17 17 0 0
0 49 70 21
24 14 4 14
77 122 45 0
111 111 0 0
3 13 49 39
0 16 23 7
278 278 0 0
56 56 0 0
187 11 8 184
137 29 18 126
123 123 0 0
26 26 0 0
88 89 87 86
48 48 0 0
141 141 0 0
98 98 0 0
182 183 1 0
39 23 12 28
40 34 32 38
24 24 0 0
140 140 0 0
49 49 0 0
44 41 68 71
35 35 0 0
74 67 31 38
35 31 3 7
147 157 15 5
141 134 0 7
1 86 110 25
14 3 16 27
0 16 25 9
0 3 20 17
288 253 46 81
13 35 61 39
0 16 22 6
0 0 0 0
0 2 64 62
52 52 0 0
45 45 0 0
0 35 38 3
170 170 0 0
98 98 21 21
129 129 0 0
0 0 0 0
0 9 93 84
22 22 0 0
1036 912 68 192
45 45 0 0
29 31 118 116
0 40 66 26
0 0 0 0
20 20 0 0
108 6 6 108
66 66 0 0
623 623 0 0
40 40 0 0
0 17 31 14
0 12 12 0
22 19 417 420
0 21 21 0
0 0 0 0
4 7 47 44
162 162 0 0
0 0 0 0
0 5 61 56
0 11 34 23
59 50 30 39
9 30 21 0
27 27 0 0
9 9 0 0
142 142 0 0
59 59 0 0
46 41 27 32
63 63 0 0
102 93 147 156
35 35 0 0
471 478 7 0
0 24 24 0
15 15 0 0
0 12 12 0
144 144 0 0
15 9 13 19
441 403 46 84
108 114 6 0
80 84 4 0
14 2 52 64
129 10 26 145
3 3 0 0
104 104 0 0
29 37 82 74
10 11 1 0
17 13 7 11
9 44 110 75
12 6 16 22
114 117 3 0
76 76 0 0
51 51 0 0
3 4 1 0
133 124 38 47
12 16 33 29
33 37 4 0
25 25 0 0
51 57 6 0
24 16 18 26
73 67 121 127
21 22 26 25
49 61 12 0
6 2 24 28
4 36 47 15
8 38 58 28
33 42 42 33
45 45 0 0
127 127 0 0
36 56 41 21
77 77 0 0
50 13 24 61
473 502 34 5
37 37 0 0
62 62 0 0
19 13 47 53
34 34 0 0
0 24 24 0
47 78 31 0
31 31 0 0
51 61 10 0
41 10 14 45
28 28 0 0
0 24 26 2
1 8 176 169
27 27 0 0
46 46 0 0
0 24 48 24
87 87 0 0
68 68 0 0
79 79 19 19
48 48 0 0
0 0 0 0
91 91 0 0
96 115 22 3
91 91 0 0
224 224 0 0
76 76 0 0
0 16 40 24
18 18 0 0
131 131 0 0
96 109 45 32
83 127 44 0
0 58 65 7
91 72 82 101
0 0 0 0
314 296 36 54
0 22 22 0
0 20 68 48
12 12 0 0
377 377 0 0
165 165 0 0
0 0 0 0
61 61 0 0
69 62 4 11
35 5 1 31
104 104 0 0
44 44 0 0
434 434 0 0
89 89 0 0
92 96 4 0
25 25 0 0
377 377 0 0
35 35 0 0
186 36 22 172
48 48 0 0
84 84 0 0
67 67 0 0
51 51 0 0
28 35 7 0
61 61 0 0
57 74 17 0
121 122 1 0
29 29 0 0
74 74 0 0
46 46 0 0
33 76 43 0
35 35 0 0
0 7 160 153
0 54 111 57
54 8 28 74
60 60 0 0
47 47 0 0
0 42 42 0
72 79 75 68
19 32 13 0
3 27 27 3
0 7 23 16
56 56 0 0
0 14 19 5
45 40 27 32
0 0 0 0
95 95 0 0
49 49 0 0
0 8 38 30
0 12 29 17
59 59 0 0
42 42 0 0
75 66 88 97
82 97 47 32
379 379 0 0
59 59 0 0
65 65 24 24
78 76 0 2
2 29 86 59
39 39 0 0
144 146 2 0
1 14 21 8
301 301 0 0
32 32 0 0
82 82 0 0
52 52 0 0
577 506 82 153
30 30 0 0
84 93 9 0
46 46 0 0
201 201 0 0
22 22 0 0
183 183 0 0
17 24 11 4
0 0 0 0
0 23 23 0
4 34 69 39
30 30 0 0
2 5 86 83
1 27 26 0
0 14 78 64
56 56 0 0
144 157 16 3
31 31 0 0
3 37 212 178
3 20 32 15
1 54 57 4
0 26 26 0
169 157 56 68
45 76 31 0
69 69 0 0
0 7 36 29
67 67 0 0
0 21 39 18
25 16 132 141
67 73 69 63
101 66 10 45
2 4 54 52
0 51 51 0
38 38 0 0
232 232 0 0
8 14 20 14
114 114 0 0
17 7 11 21
0 47 93 46
24 34 41 31
0 31 31 0
0 21 21 0
181 5 10 186
27 27 0 0
1 20 55 36
13 13 0 0
0 0 0 0
0 0 0 0
9 21 12 0
0 4 7 3
0 6 48 42
0 3 12 9
74 18 29 85
97 97 0 0
86 86 0 0
29 1 15 43
0 34 34 0
0 7 26 19
23 30 67 60
9 5 31 35
1 21 33 13
0 12 16 4
0 9 30 21
0 6 24 18
0 0 0 0
62 62 0 0
567 564 3 6
21 21 0 0
117 126 9 0
67 67 0 0
169 172 3 0
137 137 0 0
4 28 54 30
33 8 3 28
60 60 0 0
62 62 0 0
89 89 0 0
0 22 22 0
4 49 47 2
0 20 33 13
260 270 10 0
48 53 5 0
63 11 39 91
72 72 0 0
146 157 19 8
77 68 0 9
0 0 0 0
0 0 0 0
492 434 69 127
180 187 13 6
48 48 0 0
0 32 32 0
183 201 18 0
13 41 28 0
60 69 96 87
40 40 0 0
89 84 34 39
4 6 48 46
137 131 125 131
5 27 67 45
234 235 77 76
20 41 21 0
0 41 111 70
39 39 0 0
129 129 0 0
56 56 0 0
7 16 81 72
0 21 21 0
3 30 32 5
0 34 34 0
93 99 6 0
0 37 37 0
36 39 3 0
29 29 0 0
85 86 5 4
2 18 38 22
35 40 62 57
28 28 0 0
0 0 0 0
11 11 0 0
30 33 24 21
32 32 0 0
116 116 0 0
34 34 0 0
4 24 40 20
0 13 32 19
501 501 0 0
25 25 0 0
3 32 82 53
0 5 13 8
0 0 0 0
0 21 21 0
0 0 0 0
0 0 0 0
168 198 30 0
18 18 0 0
108 108 0 0
82 89 7 0
115 143 28 0
24 24 0 0
0 0 0 0
11 11 0 0
17 17 0 0
60 60 0 0
17 18 90 89
57 59 2 0
0 0 0 0
12 12 0 0
0 35 37 2
22 22 0 0
36 28 51 59
32 32 0 0
41 41 0 0
0 38 38 0
69 74 5 0
4 13 28 19
0 6 97 91
0 13 49 36
85 95 80 70
90 100 10 0
0 0 0 0
0 0 0 0
30 6 33 57
65 2 2 65
139 141 2 0
75 75 0 0
381 332 13 62
134 131 36 39
0 5 87 82
54 54 0 0
27 9 269 287
74 86 12 0
0 27 143 116
0 11 62 51
97 50 17 64
0 27 27 0
61 61 0 0
9 40 51 20
41 73 38 6
35 38 3 0
58 64 6 0
0 0 0 0
68 82 14 0
1 16 21 6
0 0 0 0
14 14 0 0
25 3 57 79
24 24 0 0
92 109 168 151
25 11 51 65
95 95 0 0
10 7 48 51
84 83 7 8
27 27 0 0
52 52 0 0
54 54 0 0
20 35 85 70
14 14 0 0
0 20 53 33
29 29 0 0
209 211 4 2
115 122 7 0
0 52 52 0
38 38 0 0
225 225 0 0
20 20 6 6
85 100 15 0
0 16 20 4
73 81 8 0
18 10 41 49
85 82 19 22
46 46 0 0
0 8 17 9
0 4 18 14
8 8 0 0
4 4 0 0
29 26 51 54
0 22 47 25
158 158 0 0
47 47 0 0
220 223 3 0
45 45 0 0
1 8 44 37
0 6 42 36
18 57 52 13
0 37 37 0
107 4 0 103
15 8 5 12
76 48 24 52
46 46 0 0
0 0 0 0
24 24 0 0
222 225 3 0
14 14 0 0
159 159 0 0
11 12 15 14
88 88 0 0
68 68 0 0
72 74 2 0
59 59 0 0
0 46 71 25
18 21 3 0
223 215 4 12
51 51 0 0
30 84 87 33
41 41 0 0
2 2 0 0
0 0 0 0
53 65 12 0
49 49 0 0
43 43 0 0
86 86 0 0
326 335 9 0
54 54 0 0
32 2 25 55
29 29 0 0
28 20 61 69
0 4 43 39
182 174 227 235
0 8 36 28
0 0 0 0
0 0 0 0
5 8 23 20
0 31 33 2
0 0 0 0
78 75 3 6
43 57 22 8
0 11 24 13
191 199 8 0
83 83 0 0
163 163 0 0
43 43 0 0
71 59 41 53
0 21 21 0
18 13 135 140
2 20 56 38
91 108 27 10
11 11 5 5
87 4 47 130
38 44 6 0
108 108 0 0
86 86 0 0
752 752 0 0
119 119 0 0
120 113 48 55
45 81 69 33
196 208 12 0
0 10 10 0
0 0 0 0
45 35 32 42
81 81 0 0
0 9 55 46
17 14 64 67
14 17 3 0
0 19 47 28
3 3 0 0
73 81 24 16
21 21 0 0
5 5 51 51
0 4 14 10
85 62 121 144
28 18 28 38
0 0 0 0
18 18 0 0
113 113 0 0
32 32 0 0
156 163 39 32
0 12 52 40
45 4 4 45
21 21 0 0
0 0 0 0
22 22 0 0
0 0 0 0
0 17 17 0
141 141 0 0
82 82 0 0
33 33 0 0
7 26 31 12
152 165 53 40
142 142 0 0
70 70 0 0
74 74 0 0
97 97 0 0
82 82 9 9
26 2 2 26
27 30 3 0
1 37 39 3
26 26 0 0
42 42 0 0
0 8 20 12
159 152 174 181
95 113 74 56
78 78 0 0
42 42 0 0
36 36 0 0
141 112 0 29
38 38 0 0
1 5 19 15
48 48 0 0
31 43 12 0
0 0 0 0
0 0 0 0
67 69 2 0
1 6 26 21
39 51 12 0
0 13 20 7
230 249 19 0
72 75 3 0
73 83 10 0
59 59 0 0
108 124 16 0
74 98 27 3
33 33 0 0
1 30 30 1
29 16 117 130
2 2 0 0
78 78 0 0
47 47 0 0
0 0 0 0
53 53 0 0
4 26 135 113
61 34 6 33
32 32 0 0
0 36 36 0
54 56 2 0
0 13 29 16
41 72 31 0
72 72 2 2
273 238 0 35
159 159 0 0
15 15 0 0
0 30 30 0
0 7 52 45
0 13 53 40
98 114 16 0
36 36 0 0
32 32 0 0
98 98 0 0
84 84 0 0
67 67 0 0
438 438 0 0
182 182 0 0
145 166 37 16
0 0 0 0
169 199 39 9
85 92 7 0
49 56 12 5
0 25 25 0
165 183 18 0
169 169 0 0
57 57 0 0
33 34 1 0
23 20 72 75
0 19 42 23
86 42 12 56
38 38 0 0
65 46 27 46
50 98 48 0
14 61 77 30
34 34 0 0
45 31 4 18
52 52 0 0
307 335 28 0
21 16 11 16
111 111 0 0
24 24 0 0
0 0 0 0
2 2 0 0
177 177 0 0
185 185 0 0
127 127 24 24
115 115 0 0
60 17 17 60
78 86 8 0
0 0 0 0
0 0 0 0
5 28 39 16
30 17 0 13
368 368 0 0
41 41 0 0
131 163 66 34
0 0 0 0
66 14 29 81
2 2 2 2
54 54 0 0
170 170 0 0
99 105 6 0
49 49 0 0
0 0 0 0
99 99 0 0
74 8 0 66
0 8 50 42
61 61 0 0
0 9 62 53
138 138 0 0
0 0 0 0
268 293 25 0
65 74 9 0
224 215 20 29
31 26 44 49
73 73 0 0
0 6 23 17
9 2 66 73
0 0 0 0
40 63 23 0
0 25 25 0
